Player,Rk,Season,Pos,Age,Tm,G,GS,MP,FG,FGA,FG%,3P,3PA,3P%,2P,2PA,2P%,eFG%,FT,FTA,FT%,ORB,DRB,TRB,AST,STL,BLK,TOV,PF,PTS,salary
A.J. Price,373,14-15,PG,26.0,TOT,41.0,4.6,13.440000000000001,1.8199999999999998,4.9,0.37400000000000005,0.68,2.3,0.2912,1.16,2.62,0.446,0.44279999999999997,0.64,0.9,0.5848000000000001,0.24000000000000005,1.02,1.28,2.0200000000000005,0.4,0.02,0.74,0.8,4.959999999999999,53838.0
Al Horford,222,14-15,C,26.0,ATL,53.4,53.4,33.480000000000004,6.94,12.58,0.5515999999999999,0.04,0.24000000000000005,0.33399999999999996,6.859999999999999,12.34,0.5558000000000001,0.5542,1.8199999999999998,2.54,0.7232000000000001,2.2800000000000002,6.140000000000001,8.419999999999998,2.94,0.9200000000000002,1.24,1.7,2.02,15.779999999999998,12000000.0
Al Jefferson,236,14-15,C,28.0,CHO,71.8,71.0,33.72,8.280000000000001,16.68,0.4944,0.0,0.12,0.24200000000000002,8.22,16.580000000000002,0.49660000000000004,0.4952,2.2600000000000002,3.1,0.7300000000000001,2.1399999999999997,7.4,9.540000000000001,1.9800000000000004,0.8,1.42,1.26,2.42,18.8,13500000.0
Al-Farouq Aminu,12,14-15,SF,22.0,DAL,75.4,34.8,22.32,2.44,5.54,0.4332,0.32,1.02,0.26959999999999995,2.1399999999999997,4.54,0.4670000000000001,0.4608,1.1800000000000002,1.6600000000000001,0.728,1.4400000000000002,3.84,5.3,1.06,0.9399999999999998,0.5599999999999999,1.1999999999999997,1.86,6.340000000000001,981084.0
Alexis Ajinça,6,14-15,C,23.4,NOP,38.4,8.4,11.92,2.0,4.1,0.476,0.22000000000000003,0.5599999999999999,0.27875,1.8,3.54,0.4894,0.5034000000000001,0.66,0.82,0.7552000000000001,0.9400000000000001,2.2800000000000002,3.2,0.43999999999999995,0.32,0.66,0.68,2.2800000000000002,4.86,
Amar'e Stoudemire,427,14-15,PF,30.0,TOT,55.6,32.2,27.360000000000003,6.18,11.8,0.5352,0.04,0.16,0.22433333333333336,6.139999999999999,11.64,0.538,0.5366000000000001,3.6599999999999993,4.74,0.7647999999999999,2.1,4.2,6.3,1.08,0.58,0.96,2.0,2.92,16.08,306876.0
Amir Johnson,243,14-15,PF,25.0,TOR,73.8,55.8,26.78,3.9199999999999995,6.9,0.5668,0.13999999999999999,0.36,0.30019999999999997,3.78,6.56,0.5777999999999999,0.5751999999999999,1.34,1.8799999999999997,0.6906,2.4,4.16,6.6,1.3800000000000001,0.7,1.12,1.4,3.44,9.280000000000001,7000000.0
Anderson Varejão,453,14-15,C,30.0,CLE,34.4,27.2,30.339999999999996,4.319999999999999,8.459999999999999,0.514,0.0,0.14,0.0,4.319999999999999,8.32,0.521,0.514,1.8400000000000003,2.62,0.7016,3.6399999999999997,6.720000000000001,10.36,2.02,1.1199999999999999,0.74,1.46,2.54,10.440000000000001,
Andre Iguodala,228,14-15,SF,29.0,GSW,69.8,54.4,33.3,4.220000000000001,9.24,0.45919999999999994,1.04,3.0,0.3502,3.16,6.26,0.5172,0.518,1.8599999999999999,2.94,0.6264000000000001,0.8400000000000001,4.2,5.04,4.880000000000001,1.52,0.48,1.86,1.52,11.32,12289544.0
Andre Miller,318,14-15,PG,36.0,TOT,73.6,20.2,23.740000000000002,3.16,6.82,0.46720000000000006,0.16,0.68,0.26420000000000005,2.9799999999999995,6.16,0.48979999999999996,0.48100000000000004,1.78,2.1799999999999997,0.8071999999999999,0.74,2.08,2.8,5.3,0.86,0.12,1.92,1.72,8.26,4650000.0
Andrea Bargnani,31,14-15,C,27.0,NYK,40.6,36.6,30.939999999999998,6.12,14.0,0.43500000000000005,0.9199999999999999,2.92,0.31880000000000003,5.180000000000001,11.08,0.46699999999999997,0.4676,3.22,3.84,0.8348000000000001,1.06,3.7400000000000007,4.819999999999999,1.52,0.42000000000000004,0.8,1.7600000000000002,2.02,16.339999999999996,11500000.0
Andrew Bogut,55,14-15,C,28.0,GSW,48.6,48.2,28.04,3.9599999999999995,7.88,0.517,0.0,0.04,0.3333333333333333,3.9599999999999995,7.859999999999999,0.5174,0.5176000000000001,0.78,1.5999999999999999,0.4838,2.3600000000000003,6.659999999999999,9.040000000000001,2.2199999999999998,0.72,1.9600000000000002,1.6,2.9800000000000004,8.7,12972973.0
Anthony Morrow,333,14-15,SG,27.0,OKC,62.2,15.0,22.18,3.56,7.980000000000001,0.445,1.42,3.4200000000000004,0.4102,2.1399999999999997,4.58,0.46900000000000003,0.53,1.16,1.26,0.891,0.45999999999999996,1.5799999999999998,2.0200000000000005,0.8200000000000001,0.5,0.1,0.6799999999999999,1.56,9.66,3200000.0
Anthony Tolliver,445,14-15,PF,27.0,TOT,63.6,7.0,18.580000000000002,1.8,4.380000000000001,0.41000000000000003,0.9800000000000001,2.7199999999999998,0.3548,0.8,1.64,0.4946,0.5199999999999999,0.8600000000000001,1.08,0.7996000000000001,0.82,2.32,3.1399999999999997,0.74,0.32,0.27999999999999997,0.64,1.6200000000000003,5.46,3000000.0
Arron Afflalo,5,14-15,SG,27.0,TOT,69.2,68.0,34.08,5.4399999999999995,11.92,0.45820000000000005,1.4600000000000002,3.88,0.3804,3.9799999999999995,8.08,0.49559999999999993,0.5212,2.8200000000000003,3.4,0.8320000000000001,0.5,2.96,3.46,2.62,0.54,0.18,1.6199999999999999,2.1,15.16,
Austin Daye,121,14-15,SF,24.0,TOT,44.8,5.0,12.78,1.7399999999999998,4.6,0.3746,0.6399999999999999,1.9,0.3382,1.08,2.7399999999999998,0.39640000000000003,0.449,0.5800000000000001,0.76,0.7542,0.4,1.92,2.3200000000000003,0.72,0.38,0.34,0.64,1.44,4.7,53838.0
Avery Bradley,60,14-15,SG,22.0,BOS,56.4,42.6,23.54,3.84,9.0,0.42200000000000004,0.8,2.28,0.2942,3.04,6.68,0.44700000000000006,0.4574,0.8800000000000001,1.1600000000000001,0.7288,0.52,1.7600000000000002,2.2800000000000002,1.4200000000000004,0.9,0.2,1.2200000000000002,1.9199999999999995,9.46,7191011.0
Ben Gordon,177,14-15,SG,29.0,ORL,56.8,9.6,20.5,3.38,8.14,0.41400000000000003,1.0,2.6199999999999997,0.371,2.3800000000000003,5.4799999999999995,0.4338,0.47400000000000003,1.46,1.72,0.8398,0.26,1.56,1.78,1.6800000000000002,0.52,0.13999999999999999,1.56,1.64,9.26,4500000.0
Beno Udrih,451,14-15,PG,30.0,MEM,64.8,19.4,21.919999999999998,3.1799999999999997,6.779999999999999,0.4612,0.4800000000000001,1.4,0.3396,2.7,5.38,0.49139999999999995,0.49720000000000003,1.24,1.48,0.8150000000000001,0.38,1.7,2.08,3.78,0.72,0.06000000000000001,1.3800000000000001,1.44,8.080000000000002,
Blake Griffin,190,14-15,PF,23.0,LAC,75.0,75.0,35.54,8.36,15.959999999999999,0.5246000000000001,0.1,0.38,0.2538,8.260000000000002,15.579999999999998,0.531,0.5276,4.640000000000001,7.140000000000001,0.6532,2.6399999999999997,7.040000000000001,9.680000000000001,3.9799999999999995,0.9799999999999999,0.5800000000000001,2.4799999999999995,3.0999999999999996,21.44,17674613.0
Boris Diaw,126,14-15,PF,30.0,SAS,74.8,35.2,26.24,3.4200000000000004,7.0200000000000005,0.49119999999999997,0.6399999999999999,1.8,0.353,2.8199999999999994,5.220000000000001,0.5394,0.5356,0.76,1.06,0.7096,1.06,3.3,4.34,3.1599999999999997,0.6399999999999999,0.42000000000000004,1.64,2.0,8.26,7500000.0
Brandon Bass,36,14-15,PF,27.0,BOS,76.0,55.0,27.3,4.3,8.72,0.49400000000000005,0.02,0.1,0.15350000000000003,4.279999999999999,8.620000000000001,0.4968,0.49540000000000006,2.1799999999999997,2.6599999999999997,0.8266,1.7400000000000002,3.8199999999999994,5.5200000000000005,1.02,0.48,0.74,1.12,2.1399999999999997,10.819999999999999,6900000.0
Brandon Jennings,240,14-15,PG,23.0,DET,66.0,65.4,33.72,5.92,14.940000000000001,0.3962,1.92,5.46,0.34540000000000004,4.08,9.48,0.4246,0.4598,2.9800000000000004,3.7,0.8051999999999999,0.6599999999999999,2.46,3.16,6.2,1.42,0.18000000000000002,2.3800000000000003,1.86,16.740000000000002,
Brandon Rush,396,14-15,SG,27.0,GSW,41.0,4.4,16.86,2.1799999999999997,4.68,0.42519999999999997,0.6799999999999999,1.94,0.264,1.52,2.7199999999999998,0.4896,0.4878,0.7,0.9600000000000002,0.6539999999999999,0.24,1.7399999999999998,2.0,0.86,0.27999999999999997,0.4,0.86,1.3399999999999999,5.779999999999999,1145685.0
Brook Lopez,286,14-15,C,24.0,BRK,50.0,44.4,30.68,7.56,14.680000000000001,0.5166000000000001,0.0,0.04,0.025,7.56,14.639999999999997,0.5182,0.5166000000000001,4.26,5.659999999999999,0.7602,2.42,3.5599999999999996,5.98,1.06,0.45999999999999996,1.6,1.6199999999999999,2.52,19.380000000000003,15719062.0
C.J. Miles,317,14-15,SG,25.0,IND,64.0,24.0,22.44,4.0,9.8,0.4072,1.58,4.5,0.35019999999999996,2.4,5.3,0.453,0.4888,1.7,2.06,0.8268000000000001,0.45999999999999996,2.2,2.6399999999999997,1.2,0.8600000000000001,0.36,1.02,2.2,11.3,
C.J. Watson,465,14-15,PG,28.0,IND,66.2,12.0,19.96,2.6,6.4,0.4056,1.0,2.6000000000000005,0.3926,1.56,3.8200000000000003,0.4178,0.484,1.3800000000000001,1.72,0.7879999999999999,0.33999999999999997,1.56,1.9,2.7399999999999998,0.8799999999999999,0.15999999999999998,1.3199999999999998,1.5,7.6,
Carlos Boozer,58,14-15,PF,31.0,LAL,70.2,61.2,29.119999999999997,6.42,12.979999999999999,0.4948,0.0,0.0,0.0,6.42,12.959999999999999,0.49539999999999995,0.4948,1.98,2.82,0.7038,1.9,6.68,8.600000000000001,1.92,0.7799999999999999,0.32,1.94,2.8200000000000003,14.84,3251000.0
Caron Butler,73,14-15,SF,32.0,DET,60.8,40.8,25.96,4.0600000000000005,9.62,0.4164,1.4,3.54,0.39,2.68,6.08,0.4358000000000001,0.4936,1.2999999999999998,1.6,0.8321999999999999,0.54,2.9,3.4599999999999995,1.2600000000000002,0.7799999999999999,0.18,1.1,1.8800000000000001,10.76,4500000.0
Cartier Martin,297,14-15,SF,28.0,DET,38.4,2.4,14.719999999999999,1.9599999999999997,4.859999999999999,0.38280000000000003,1.04,2.7800000000000002,0.35019999999999996,0.9199999999999999,2.1,0.4324,0.4828,0.48,0.74,0.68275,0.32,1.6800000000000002,2.0,0.5,0.4,0.08,0.54,1.3199999999999998,5.42,1145685.0
Charlie Villanueva,455,14-15,PF,28.0,DAL,48.4,2.4,14.219999999999999,2.68,6.659999999999999,0.3996,1.22,3.5799999999999996,0.3386,1.46,3.12,0.47919999999999996,0.49139999999999995,0.5599999999999999,0.78,0.6634,0.5800000000000001,2.46,3.02,0.5,0.38,0.44000000000000006,0.5599999999999999,1.48,7.159999999999999,
Chase Budinger,69,14-15,SF,24.0,MIN,53.4,8.8,20.86,3.1,7.359999999999999,0.4215999999999999,1.1,3.16,0.35239999999999994,1.98,4.2,0.47240000000000004,0.4972,1.12,1.4,0.8071999999999999,0.6199999999999999,2.58,3.18,1.1600000000000001,0.5599999999999999,0.13999999999999999,0.82,1.28,8.459999999999999,5000000.0
Chris Andersen,14,14-15,C,34.0,MIA,50.2,4.2,16.939999999999998,1.9600000000000002,3.3200000000000003,0.5892000000000002,0.02,0.1,0.30625,1.9,3.2400000000000007,0.5968,0.5936,1.6,2.4,0.6602,1.54,3.2399999999999998,4.779999999999999,0.4,0.4600000000000001,1.1999999999999997,0.62,1.86,5.539999999999999,5375000.0
Chris Bosh,59,14-15,C,28.0,MIA,66.2,66.2,34.42,6.859999999999999,13.84,0.4988,0.58,1.7,0.3048,6.279999999999999,12.120000000000001,0.5218,0.5192,3.84,4.76,0.8051999999999999,1.48,5.84,7.3199999999999985,1.7399999999999998,0.9,0.8799999999999999,1.8800000000000001,2.1399999999999997,18.12,20644400.0
Chris Kaman,257,14-15,C,30.0,POR,51.6,25.2,22.78,4.84,10.02,0.4896,0.0,0.02,0.0,4.84,10.0,0.4906,0.4896,1.2799999999999998,1.7,0.7596,1.6800000000000002,4.9,6.540000000000001,1.3400000000000003,0.38,1.1199999999999999,1.9,2.2,11.0,4800000.0
Chris Paul,361,14-15,PG,27.0,LAC,70.8,70.8,35.12,6.359999999999999,13.379999999999999,0.47479999999999994,1.26,3.38,0.37060000000000004,5.12,10.02,0.5104,0.5212,4.18,4.78,0.8757999999999999,0.64,3.44,4.06,9.9,2.3400000000000003,0.12,2.2399999999999998,2.3600000000000003,18.160000000000004,20068563.0
Chuck Hayes,205,14-15,C,29.0,TOR,58.4,14.8,16.96,1.5,3.1399999999999997,0.4614,0.0,0.0,0.0,1.5,3.12,0.46399999999999997,0.4614,0.54,0.7999999999999999,0.6598,1.5,2.8,4.32,1.38,0.6199999999999999,0.3,0.7,1.8399999999999999,3.5400000000000005,5958750.0
Cole Aldrich,8,14-15,C,24.0,NYK,39.2,3.6,9.28,1.06,2.08,0.5252,0.0,0.0,,1.06,2.08,0.5252,0.5252,0.4600000000000001,0.56,0.7353999999999999,0.8800000000000001,2.08,2.9400000000000004,0.4,0.3,0.6599999999999999,0.5199999999999999,1.34,2.5799999999999996,915243.0
Courtney Lee,276,14-15,SG,27.0,MEM,74.6,37.4,26.419999999999998,3.6000000000000005,8.02,0.4528,1.04,2.64,0.3908,2.56,5.36,0.4824,0.517,1.1800000000000002,1.4,0.8446,0.42000000000000004,2.06,2.48,1.6,0.9600000000000002,0.30000000000000004,0.9799999999999999,1.64,9.440000000000001,
D.J. Augustin,25,14-15,PG,25.0,TOT,71.8,31.2,26.060000000000002,3.4799999999999995,8.74,0.3912,1.3,3.6,0.353,2.18,5.140000000000001,0.41319999999999996,0.4694,2.3200000000000003,2.62,0.8744,0.33999999999999997,1.6600000000000001,2.0,4.68,0.64,0.0,1.7399999999999998,1.4600000000000002,10.559999999999999,
Danny Granger,181,14-15,SF,29.0,MIA,43.4,29.8,24.839999999999996,4.0200000000000005,10.2,0.3812,1.28,3.66,0.332,2.7399999999999998,6.56,0.41079999999999994,0.44480000000000003,2.5,3.0000000000000004,0.8086,0.9,2.7399999999999998,3.62,1.3199999999999998,0.64,0.44000000000000006,1.42,1.98,11.819999999999999,2077000.0
Danny Green,183,14-15,SG,25.0,SAS,60.6,51.4,22.98,3.2400000000000007,7.279999999999999,0.4488,1.78,4.279999999999999,0.41319999999999996,1.48,3.0200000000000005,0.4960000000000001,0.5688,0.82,1.0,0.8265,0.56,2.6599999999999997,3.2199999999999998,1.38,0.9200000000000002,0.7000000000000001,1.0,1.5400000000000003,9.1,4025000.0
Darren Collison,98,14-15,PG,25.0,SAC,69.0,52.4,30.24,4.58,9.9,0.46159999999999995,0.78,2.18,0.359,3.8,7.76,0.48980000000000007,0.5004,2.6599999999999997,3.1599999999999997,0.8452,0.48,2.3600000000000003,2.84,4.859999999999999,1.1600000000000001,0.2,2.14,1.7600000000000002,12.62,4797664.0
David Lee,277,14-15,PF,29.0,GSW,65.4,56.0,32.34,6.639999999999999,12.98,0.5126000000000001,0.0,0.04,0.0666,6.639999999999999,12.920000000000002,0.5144,0.5128,2.92,3.8200000000000003,0.76,2.62,6.4399999999999995,9.02,2.66,0.7999999999999999,0.4,2.1399999999999997,2.7600000000000002,16.240000000000002,15012000.0
David West,469,14-15,PF,32.0,IND,71.0,71.0,31.439999999999998,6.0600000000000005,12.32,0.4904,0.06000000000000001,0.2,0.22440000000000002,6.0200000000000005,12.14,0.4948,0.49239999999999995,2.72,3.44,0.782,1.8199999999999998,5.26,7.1,2.7,0.86,0.8200000000000001,1.8199999999999998,2.4,14.9,12000000.0
DeAndre Jordan,254,14-15,C,24.0,LAC,78.4,75.6,29.340000000000003,3.72,5.6000000000000005,0.6694,0.0,0.0,0.08333333333333333,3.72,5.6000000000000005,0.6708000000000001,0.6696000000000001,1.56,3.62,0.43759999999999993,3.4200000000000004,6.82,10.260000000000002,0.54,0.72,1.98,1.2799999999999998,2.9200000000000004,9.040000000000001,11440123.0
DeJuan Blair,50,14-15,PF,23.0,WAS,62.6,31.2,15.7,2.74,5.3,0.5098,0.0,0.0,0.0,2.74,5.3,0.5114000000000001,0.5098,0.8,1.3000000000000003,0.6404,1.7200000000000002,2.88,4.58,0.78,0.74,0.24,1.0,2.18,6.300000000000001,2000000.0
DeMar DeRozan,125,14-15,SG,23.0,TOR,73.2,73.2,35.94,6.739999999999999,15.539999999999997,0.4351999999999999,0.42000000000000004,1.56,0.24580000000000002,6.34,14.0,0.453,0.44820000000000004,5.04,6.12,0.8220000000000001,0.6799999999999999,3.2999999999999994,3.9799999999999995,2.7600000000000002,1.0,0.32,2.0200000000000005,2.36,18.96,10100000.0
DeMarcus Cousins,104,14-15,C,22.0,SAC,70.0,65.6,31.2,7.08,15.34,0.4612,0.02,0.18,0.1484,7.08,15.139999999999997,0.4654,0.46240000000000003,5.0,6.8,0.727,3.2,7.580000000000001,10.78,2.6599999999999997,1.3800000000000001,1.1400000000000001,3.3600000000000003,3.9200000000000004,19.22,
Dirk Nowitzki,347,14-15,PF,34.0,DAL,69.0,67.8,32.32,7.339999999999999,15.260000000000002,0.48020000000000007,1.28,3.28,0.3906,6.08,11.979999999999999,0.5047999999999999,0.5226,4.220000000000001,4.779999999999999,0.8858,0.64,5.92,6.5200000000000005,2.38,0.6599999999999999,0.56,1.5400000000000003,2.1,20.18,7974482.0
Dorell Wright,486,14-15,SF,27.0,POR,67.6,33.2,22.96,3.12,7.720000000000001,0.3988,1.5399999999999998,4.2,0.36639999999999995,1.58,3.5199999999999996,0.44220000000000004,0.5029999999999999,1.3,1.6200000000000003,0.8039999999999999,0.66,3.1,3.7599999999999993,1.64,0.8,0.4,0.8400000000000001,1.3800000000000001,9.1,3150000.0
Drew Gooden,174,14-15,PF,31.0,WAS,36.0,14.2,19.02,3.3200000000000003,7.540000000000001,0.42519999999999997,0.26,0.78,0.2886,3.04,6.82,0.437,0.44320000000000004,1.5799999999999998,1.9400000000000002,0.7979999999999999,1.6599999999999997,3.3,4.96,1.2,0.52,0.4,1.02,2.06,8.4,915243.0
Dwight Howard,223,14-15,C,27.0,HOU,64.0,64.0,35.04,6.92,11.819999999999999,0.5856,0.0,0.08,0.19060000000000002,6.9,11.74,0.589,0.5866,5.0600000000000005,9.48,0.5308,3.4,9.34,12.74,1.5400000000000003,1.1,2.0,3.1599999999999997,3.34,18.940000000000005,21436271.0
Dwyane Wade,458,14-15,SG,31.0,MIA,62.0,61.8,33.940000000000005,8.34,16.54,0.5066,0.4,1.4000000000000001,0.2794,7.94,15.12,0.526,0.5182,4.779999999999999,6.340000000000001,0.755,1.2600000000000002,3.56,4.840000000000001,4.76,1.56,0.8,2.9799999999999995,2.1,21.860000000000003,15000000.0
Ed Davis,118,14-15,PF,23.0,LAL,70.8,16.4,21.28,3.04,5.46,0.5526,0.0,0.0,0.0,3.04,5.46,0.553,0.5526,1.08,1.9,0.5714,2.18,4.06,6.220000000000001,0.78,0.52,0.9800000000000001,0.76,2.4,7.140000000000001,
Ekpe Udoh,450,14-15,PF,25.0,LAC,54.0,10.4,15.84,1.4000000000000001,3.2399999999999998,0.43200000000000005,0.0,0.0,0.0,1.4000000000000001,3.2399999999999998,0.4328,0.43200000000000005,0.8399999999999999,1.2,0.7148,1.2400000000000002,1.7399999999999998,2.98,0.6199999999999999,0.44000000000000006,1.1,0.68,2.02,3.6599999999999993,915243.0
Elton Brand,61,14-15,C,33.0,ATL,64.4,35.6,23.54,3.56,7.1,0.492,0.0,0.0,0.0,3.56,7.1,0.49400000000000005,0.492,1.2,1.7,0.6788000000000001,1.8400000000000003,3.9799999999999995,5.84,1.1400000000000001,0.76,1.2200000000000002,0.8800000000000001,2.54,8.32,2000000.0
Eric Bledsoe,52,14-15,PG,23.0,PHO,64.2,31.8,24.44,3.8,8.5,0.4364,0.6599999999999999,1.98,0.3108,3.1599999999999997,6.539999999999999,0.4758,0.4708,2.3999999999999995,3.08,0.7486,0.78,2.6599999999999997,3.46,4.0,1.3,0.45999999999999996,2.42,1.8399999999999999,10.64,13000000.0
Eric Gordon,179,14-15,SG,24.0,NOP,46.4,45.8,33.480000000000004,6.1,14.12,0.4298,1.6400000000000001,4.58,0.35540000000000005,4.46,9.52,0.458,0.4904,3.9,4.88,0.8022,0.44000000000000006,2.1,2.54,3.6399999999999997,1.16,0.26,2.46,2.0599999999999996,17.740000000000002,14898938.0
Ersan İlyasova,229,14-15,PF,25.0,MIL,61.2,42.4,25.979999999999997,4.5,9.92,0.4542,0.96,2.5,0.37360000000000004,3.5799999999999996,7.4,0.48200000000000004,0.5014000000000001,1.7599999999999998,2.2399999999999998,0.7878000000000001,2.1,4.52,6.6,1.2,0.78,0.4,1.06,2.5,11.68,
Evan Turner,449,14-15,SG,24.0,BOS,77.6,45.8,28.52,4.32,10.08,0.42879999999999996,0.42000000000000004,1.3399999999999999,0.30100000000000005,3.8999999999999995,8.74,0.4462,0.44820000000000004,1.6400000000000001,2.1399999999999997,0.7577999999999999,0.58,4.659999999999999,5.22,3.56,0.78,0.2,1.92,2.12,10.68,3278000.0
Francisco García,164,14-15,SF,31.0,HOU,46.8,12.2,18.380000000000003,2.1399999999999997,5.58,0.3752,1.08,3.28,0.3212,1.1,2.3,0.4574,0.4706,0.44000000000000006,0.5800000000000001,0.6576,0.26000000000000006,1.5799999999999996,1.86,1.02,0.7,0.6599999999999999,0.6,1.7600000000000002,5.779999999999999,
Gary Neal,340,14-15,SG,28.0,TOT,62.0,5.8,21.580000000000002,3.6400000000000006,8.76,0.41659999999999997,1.3199999999999998,3.5199999999999996,0.37520000000000003,2.32,5.24,0.44399999999999995,0.49339999999999995,1.3800000000000001,1.5999999999999999,0.8431999999999998,0.24,1.9200000000000004,2.1599999999999997,1.7399999999999998,0.38,0.02,1.1,1.5,9.959999999999999,3250000.0
George Hill,214,14-15,PG,26.0,IND,64.2,40.4,29.96,4.36,9.580000000000002,0.4514,1.3400000000000003,3.62,0.36700000000000005,3.0200000000000005,5.959999999999999,0.5028,0.5210000000000001,2.34,2.86,0.8109999999999999,0.5599999999999999,2.88,3.4400000000000004,3.7399999999999998,0.9600000000000002,0.3,1.3199999999999998,2.1,12.360000000000001,8000000.0
Gerald Henderson,208,14-15,SG,25.0,CHO,69.6,58.4,30.0,5.04,11.36,0.44600000000000006,0.38,1.2200000000000002,0.2874,4.68,10.16,0.4622,0.46240000000000003,2.7800000000000002,3.4799999999999995,0.7956,0.7200000000000001,2.94,3.6400000000000006,2.3200000000000003,0.7799999999999999,0.42000000000000004,1.44,2.0,13.26,6000000.0
Glen Davis,119,14-15,PF,27.0,LAC,63.0,20.6,24.159999999999997,4.039999999999999,9.059999999999999,0.4466,0.02,0.16,0.128,4.0200000000000005,8.92,0.4516,0.4478,1.8199999999999998,2.5599999999999996,0.6923999999999999,1.3800000000000001,3.7599999999999993,5.1,1.1400000000000001,0.82,0.4,1.1600000000000001,2.28,9.9,
Gordon Hayward,206,14-15,SF,22.0,UTA,72.6,51.0,29.48,4.5200000000000005,10.280000000000001,0.4468,1.0799999999999998,2.9400000000000004,0.3804,3.44,7.32,0.4726,0.5004000000000001,3.2400000000000007,3.9800000000000004,0.7996,0.74,2.98,3.7,3.3,0.96,0.45999999999999996,1.98,1.7,13.360000000000003,14746000.0
Greg Monroe,327,14-15,PF,22.0,DET,75.6,66.8,31.26,5.7,11.32,0.5102,0.0,0.0,0.0,5.7,11.299999999999999,0.511,0.5102,2.94,4.239999999999999,0.6914,3.2,6.0200000000000005,9.26,2.2600000000000002,1.2,0.62,2.1,2.42,14.38,5479934.0
Greivis Vásquez,454,14-15,PG,26.0,TOR,75.0,31.4,23.859999999999996,3.499999999999999,8.26,0.42000000000000004,1.04,2.86,0.3416,2.5,5.44,0.4596,0.48199999999999993,1.08,1.3199999999999998,0.8074,0.33999999999999997,2.26,2.54,4.880000000000001,0.6,0.1,1.9,1.9,9.1,
Ian Mahinmi,293,14-15,C,26.0,IND,67.0,4.2,15.780000000000001,1.6199999999999999,3.16,0.5186,0.0,0.0,0.0,1.6199999999999999,3.12,0.5227999999999999,0.5186,1.1199999999999999,1.92,0.5879999999999999,1.42,2.58,3.96,0.28,0.48,0.6599999999999999,0.8400000000000001,2.56,4.340000000000001,4000000.0
J.J. Barea,30,14-15,PG,28.0,DAL,70.4,5.2,21.04,3.6,8.74,0.4126,1.0,2.94,0.341,2.6,5.819999999999999,0.4476,0.4694000000000001,1.3800000000000001,1.72,0.8012,0.34,1.8799999999999997,2.2399999999999998,4.159999999999999,0.4,0.0,1.7399999999999998,1.6,9.6,909859.0
J.J. Hickson,212,14-15,C,24.0,DEN,71.2,45.0,25.28,4.359999999999999,8.819999999999999,0.49400000000000005,0.0,0.04,0.0,4.359999999999999,8.760000000000002,0.4967999999999999,0.49400000000000005,2.1599999999999997,3.5,0.6176,2.7199999999999998,5.4,8.139999999999999,1.0400000000000003,0.6,0.6199999999999999,1.7,2.16,10.86,
J.J. Redick,381,14-15,SG,28.0,LAC,63.0,30.4,28.48,4.58,10.260000000000002,0.44639999999999996,2.0,4.96,0.40259999999999996,2.62,5.32,0.488,0.5431999999999999,2.2800000000000002,2.5200000000000005,0.9004000000000001,0.24000000000000005,1.92,2.12,2.4,0.54,0.1,1.2200000000000002,1.58,13.479999999999999,
J.R. Smith,415,14-15,SG,27.0,TOT,67.6,19.0,29.68,5.1,12.16,0.4192,2.06,5.5200000000000005,0.374,3.04,6.659999999999999,0.45680000000000004,0.5054000000000001,1.64,2.2399999999999998,0.7222000000000001,0.62,3.4599999999999995,4.08,2.62,1.2200000000000002,0.25999999999999995,1.44,2.4799999999999995,13.9,
JaVale McGee,310,14-15,C,25.0,TOT,49.4,25.0,19.6,3.6399999999999997,6.859999999999999,0.532,0.0,0.0,0.5,3.6399999999999997,6.859999999999999,0.5322,0.5322000000000001,1.1199999999999999,1.92,0.6603999999999999,2.06,3.28,5.34,0.36,0.36,1.78,1.24,2.48,8.42,11250000.0
Jamal Crawford,107,14-15,SG,32.0,LAC,69.0,6.8,28.659999999999997,5.340000000000001,13.0,0.4109999999999999,1.8199999999999998,5.26,0.3426,3.54,7.739999999999999,0.457,0.48020000000000007,3.28,3.7399999999999998,0.8838000000000001,0.34,1.6,1.92,2.9199999999999995,0.9,0.2,1.8199999999999998,1.3599999999999999,15.820000000000002,5450000.0
Jameer Nelson,341,14-15,PG,30.0,TOT,64.0,57.2,30.0,4.5,10.9,0.41320000000000007,1.7399999999999998,4.839999999999999,0.3624,2.76,6.08,0.45620000000000005,0.49319999999999997,1.26,1.52,0.8012,0.45999999999999996,2.66,3.1199999999999997,6.02,0.9,0.08,2.38,2.46,12.02,2732000.0
James Harden,197,14-15,SG,23.0,HOU,75.2,47.8,34.239999999999995,6.32,14.020000000000001,0.45220000000000005,2.1,5.68,0.36960000000000004,4.220000000000001,8.379999999999999,0.5130000000000001,0.5288,6.760000000000001,7.94,0.8548,0.7,3.7800000000000002,4.5,4.9399999999999995,1.48,0.42000000000000004,2.9799999999999995,2.44,21.54,14728844.0
James Jones,251,14-15,SF,32.0,CLE,49.4,5.2,12.3,1.28,3.1399999999999997,0.394,1.06,2.5800000000000005,0.40279999999999994,0.2,0.5599999999999999,0.39160000000000006,0.5589999999999999,0.4800000000000001,0.6,0.7300000000000001,0.13999999999999999,1.02,1.1800000000000002,0.42000000000000004,0.24000000000000005,0.18,0.2,0.8800000000000001,4.08,
Jared Dudley,136,14-15,SG,27.0,MIL,74.4,38.0,26.380000000000003,3.5799999999999996,7.6,0.46719999999999995,1.1800000000000002,3.08,0.38680000000000003,2.38,4.5,0.5258,0.5478000000000001,1.3199999999999998,1.8,0.7272,1.0,2.38,3.38,1.7600000000000002,0.8800000000000001,0.18,1.0,1.7,9.66,4250000.0
Jared Jeffries,217,12-13,PF,29.6,POR,32.2,4.4,13.84,0.8,2.2399999999999998,0.3482,0.04,0.22000000000000003,0.182,0.78,2.04,0.36519999999999997,0.35700000000000004,0.48,0.9,0.4875999999999999,1.38,1.3399999999999999,2.72,0.72,0.6,0.4,0.5,1.8199999999999998,2.18,
Jason Maxiell,301,14-15,PF,29.0,CHO,57.8,28.0,18.5,1.98,4.34,0.4572,0.0,0.0,0.0,1.98,4.34,0.45760000000000006,0.4572,0.8400000000000001,1.48,0.5488000000000001,1.44,2.5,3.9200000000000004,0.45999999999999996,0.36,0.7599999999999999,0.78,1.86,4.819999999999999,915243.0
Jason Smith,416,14-15,C,26.0,NYK,56.2,18.6,20.759999999999998,3.3800000000000003,7.140000000000001,0.4704,0.04,0.16,0.117,3.3600000000000003,6.9799999999999995,0.4756,0.4734,1.22,1.52,0.7996,1.42,2.9,4.28,0.9400000000000001,0.38,0.74,1.0000000000000002,2.52,8.02,3278000.0
Jason Terry,435,14-15,SG,35.0,HOU,67.2,10.6,25.5,3.8600000000000003,8.959999999999999,0.41979999999999995,1.6,4.28,0.37620000000000003,2.2600000000000002,4.68,0.45859999999999995,0.5207999999999999,1.2,1.42,0.8166,0.22000000000000003,1.5599999999999998,1.8,2.7399999999999998,0.8800000000000001,0.13999999999999999,1.42,1.4200000000000002,10.5,5850313.0
Jason Thompson,441,14-15,PF,26.0,SAC,76.8,58.2,25.240000000000002,3.5,6.88,0.504,0.0,0.0,0.0,3.5,6.860000000000001,0.5055999999999999,0.504,1.42,2.3199999999999994,0.6204,2.04,4.4799999999999995,6.5200000000000005,1.0,0.4999999999999999,0.6799999999999999,1.16,2.8,8.4,6037500.0
Jeff Adrien,4,14-15,PF,26.0,MIN,30.6,3.4,12.16,1.4200000000000002,3.06,0.449,0.0,0.0,0.0,1.4200000000000002,3.06,0.45,0.449,1.08,1.7200000000000002,0.6059999999999999,1.2399999999999998,2.62,3.8800000000000003,0.5599999999999999,0.24,0.44000000000000006,0.4999999999999999,1.6199999999999999,3.8800000000000003,742962.0
Jeff Teague,431,14-15,PG,24.0,ATL,73.6,60.4,28.5,4.72,10.419999999999998,0.4526,0.82,2.34,0.3496,3.9,8.06,0.48200000000000004,0.4902,2.7,3.2399999999999998,0.8280000000000001,0.32,1.9200000000000004,2.26,5.56,1.3,0.4,2.3,1.9199999999999995,12.959999999999999,8000000.0
Jeremy Evans,145,14-15,SF,25.0,UTA,43.8,1.4,9.6,1.3400000000000003,2.28,0.5994,0.02,0.02,0.08,1.3400000000000003,2.2600000000000002,0.61,0.6028,0.5599999999999999,0.8400000000000001,0.6694,0.9200000000000002,1.46,2.38,0.44000000000000006,0.31999999999999995,0.5,0.3,1.1,3.2399999999999998,1794871.0
Jeremy Lin,284,14-15,PG,24.0,LAL,58.2,34.0,24.720000000000002,3.72,8.48,0.42919999999999997,0.78,2.1999999999999997,0.31720000000000004,2.96,6.3,0.4598,0.46900000000000003,2.7,3.3600000000000003,0.7922,0.44000000000000006,2.08,2.4999999999999996,4.4799999999999995,1.28,0.36000000000000004,2.36,2.14,10.860000000000001,8374646.0
Joakim Noah,343,14-15,C,27.0,CHI,65.0,64.6,33.17999999999999,4.1,8.4,0.48679999999999995,0.0,0.02,0.0,4.1,8.36,0.4885999999999999,0.48679999999999995,2.54,3.5,0.7155999999999999,3.66,6.779999999999999,10.44,3.7600000000000002,0.9399999999999998,1.52,2.04,2.94,10.720000000000002,12700000.0
Jodie Meeks,314,14-15,SG,25.0,DET,71.0,38.8,26.340000000000003,3.5800000000000005,8.42,0.42000000000000004,1.6600000000000001,4.36,0.3738,1.9400000000000002,4.0200000000000005,0.4702,0.5199999999999999,1.9400000000000002,2.1799999999999997,0.8917999999999999,0.34,1.9,2.22,1.1800000000000002,0.9199999999999999,0.08,0.86,1.3199999999999998,10.719999999999999,6000000.0
Joe Johnson,246,14-15,SG,31.0,BRK,72.6,72.6,35.04,6.359999999999999,14.38,0.4418,1.8,4.880000000000001,0.364,4.58,9.540000000000001,0.47919999999999996,0.5044,2.1799999999999997,2.68,0.8173999999999999,0.74,3.04,3.78,3.7,0.7,0.15999999999999998,1.7600000000000002,1.52,16.7,23180790.0
Joel Anthony,20,14-15,C,30.0,DET,56.6,13.0,12.72,0.74,1.42,0.5130000000000001,0.0,0.0,,0.74,1.42,0.5130000000000001,0.5130000000000001,0.42000000000000004,0.64,0.6246,0.9800000000000001,1.5,2.48,0.16,0.24000000000000005,0.9199999999999999,0.38,1.4,1.8800000000000001,3800000.0
Joel Przybilla,348,12-13,C,31.6,MIL,22.2,7.6,13.180000000000001,0.6199999999999999,1.28,0.45879999999999993,0.0,0.0,,0.6199999999999999,1.28,0.45879999999999993,0.45879999999999993,0.28,0.64,0.38899999999999996,1.04,2.8600000000000003,3.9199999999999995,0.26,0.1,0.38,0.8,2.12,1.52,
John Lucas III,291,14-15,PG,30.0,DET,35.4,1.6,12.0,1.78,4.720000000000001,0.36960000000000004,0.6,1.8399999999999999,0.2756,1.1800000000000002,2.88,0.41719999999999996,0.42400000000000004,0.25999999999999995,0.54,0.6439999999999999,0.2,0.64,0.8600000000000001,1.6600000000000001,0.3,0.0,0.52,0.72,4.46,269189.0
John Salmons,398,14-15,SF,33.0,NOP,58.8,36.4,25.44,2.82,7.1,0.38380000000000003,0.8600000000000001,2.44,0.348,1.94,4.62,0.4046,0.45099999999999996,1.0,1.3199999999999998,0.6998000000000001,0.34,2.1399999999999997,2.46,2.2,0.7,0.25999999999999995,0.9800000000000001,1.72,7.5,2000000.0
John Wall,462,14-15,PG,22.0,WAS,69.0,66.6,35.779999999999994,6.359999999999999,14.74,0.43019999999999997,0.56,1.94,0.257,5.76,12.78,0.45059999999999995,0.4492,4.340000000000001,5.479999999999999,0.7898000000000001,0.58,3.8,4.359999999999999,8.540000000000001,1.5999999999999999,0.66,3.66,2.4,17.619999999999997,14746000.0
Jordan Hill,215,14-15,C,25.0,LAL,56.4,21.8,18.619999999999997,3.2600000000000002,6.540000000000001,0.49860000000000004,0.0,0.08,0.0546,3.2600000000000002,6.5,0.5029999999999999,0.4990000000000001,1.3,1.8799999999999997,0.6845999999999999,2.2800000000000002,3.7600000000000002,6.0200000000000005,0.7,0.36,0.74,1.02,2.12,7.8,9000000.0
Josh McRoberts,313,14-15,PF,25.0,MIA,56.8,32.2,21.300000000000004,2.22,4.659999999999999,0.4882000000000001,0.52,1.4,0.376,1.7399999999999998,3.22,0.5336000000000001,0.5372,0.8,1.12,0.6974,1.1199999999999999,3.0800000000000005,4.2,2.28,0.5799999999999998,0.4800000000000001,1.06,2.12,5.779999999999999,
Josh Smith,417,14-15,PF,27.0,TOT,75.8,66.0,33.64,6.6,14.74,0.4476,0.74,2.4799999999999995,0.2942,5.859999999999999,12.22,0.4788,0.4734,2.38,4.040000000000001,0.5804,1.7399999999999998,6.2,7.94,3.6,1.26,1.58,2.6399999999999997,2.6,16.32,2077000.0
José Calderón,80,14-15,PG,31.0,NYK,63.4,57.8,31.020000000000003,4.0,8.819999999999999,0.4518000000000001,1.4999999999999998,3.56,0.4122,2.5,5.26,0.47220000000000006,0.5366000000000001,0.9400000000000001,1.1,0.8734,0.4,2.3600000000000003,2.7600000000000002,6.840000000000001,0.9,0.08,1.8,1.7600000000000002,10.419999999999998,
Jrue Holiday,218,14-15,PG,22.0,NOP,59.8,59.2,34.58,6.0,13.66,0.44040000000000007,1.08,2.84,0.3762,4.94,10.820000000000002,0.45779999999999993,0.47940000000000005,1.78,2.24,0.8046,0.8800000000000001,2.94,3.8200000000000003,6.76,1.58,0.42000000000000004,2.7800000000000002,2.46,14.86,9904495.0
Kenyon Martin,298,14-15,PF,35.0,MIL,30.2,14.8,20.259999999999998,2.42,4.74,0.495,0.02,0.1,0.151,2.3800000000000003,4.66,0.4998,0.49700000000000005,0.5599999999999999,1.16,0.5913999999999999,1.22,3.1199999999999997,4.34,1.0399999999999998,0.8200000000000001,0.78,0.8,2.56,5.42,414551.0
Kevin Durant,139,14-15,SF,24.0,OKC,66.6,66.6,37.660000000000004,9.42,19.04,0.4962000000000001,2.08,5.32,0.3894,7.359999999999999,13.720000000000002,0.5384,0.5506,7.32,8.36,0.8744,0.64,6.7,7.339999999999999,4.08,1.2,1.02,3.2600000000000002,1.8800000000000001,28.24,18995624.0
Kevin Garnett*,165,14-15,PF,36.0,TOT,60.0,60.0,26.580000000000002,4.94,10.040000000000001,0.487,0.02,0.14,0.16019999999999998,4.94,9.9,0.4917999999999999,0.48839999999999995,1.8199999999999998,2.24,0.8228,1.1,6.5200000000000005,7.62,2.14,1.02,0.76,1.4600000000000002,2.28,11.78,
Kevin Love,288,14-15,PF,24.0,CLE,59.6,59.6,35.839999999999996,6.9799999999999995,16.24,0.43220000000000003,1.72,4.9799999999999995,0.34980000000000006,5.279999999999999,11.219999999999999,0.4706,0.48580000000000007,5.7,7.119999999999999,0.8006,3.4,9.559999999999999,12.940000000000001,2.68,0.74,0.48,2.1399999999999997,2.0799999999999996,21.4,15719063.0
Kevin Martin,299,14-15,SG,29.0,MIN,60.8,44.8,31.440000000000005,6.06,14.059999999999999,0.4312,1.9799999999999998,5.08,0.3872,4.1,9.0,0.4582,0.5032,4.62,5.2,0.8888,0.42000000000000004,2.5599999999999996,2.9599999999999995,2.16,0.8800000000000001,0.1,1.7799999999999998,1.8399999999999999,18.740000000000002,6792500.0
Kevin Séraphin,405,14-15,C,23.0,WAS,65.2,6.2,15.960000000000003,2.78,5.64,0.4918,0.0,0.0,0.0,2.78,5.64,0.4927999999999999,0.4918,0.6399999999999999,0.8800000000000001,0.7303999999999999,1.3399999999999999,2.2399999999999998,3.5800000000000005,0.5,0.22000000000000003,0.74,1.1,2.3200000000000003,6.199999999999999,
Kobe Bryant*,68,14-15,SG,34.0,LAL,51.8,51.8,35.0,8.24,19.2,0.4284,1.3199999999999998,4.48,0.28619999999999995,6.92,14.7,0.4706,0.46179999999999993,5.56,6.659999999999999,0.8364,0.78,4.4,5.220000000000001,5.4399999999999995,1.26,0.22000000000000003,3.9200000000000004,1.9,23.32,
Kris Humphries,226,14-15,PF,27.0,WAS,66.8,34.8,24.4,3.6,7.44,0.48600000000000004,0.0,0.02,0.0,3.6,7.4,0.48860000000000003,0.48600000000000004,1.94,2.58,0.7525999999999999,2.46,5.42,7.88,1.0,0.4600000000000001,0.82,1.1600000000000001,2.22,9.2,4250000.0
Kyle Korver,266,14-15,SG,31.0,ATL,73.4,42.6,27.859999999999996,3.4799999999999995,7.5600000000000005,0.45780000000000004,2.2800000000000002,4.96,0.4542,1.2,2.62,0.46019999999999994,0.6064,1.04,1.22,0.8802,0.26000000000000006,2.9799999999999995,3.2600000000000002,2.1399999999999997,0.72,0.36,1.04,1.98,10.280000000000001,6253521.0
Kyle Lowry,289,14-15,PG,26.0,TOR,67.8,62.0,33.339999999999996,4.9399999999999995,11.9,0.4142,1.8399999999999999,5.0200000000000005,0.366,3.12,6.860000000000001,0.44960000000000006,0.49219999999999997,3.3199999999999994,4.08,0.8089999999999999,0.9400000000000001,3.6,4.540000000000001,6.780000000000001,1.5,0.28,2.44,3.0400000000000005,15.020000000000001,12000000.0
LaMarcus Aldridge,9,14-15,PF,27.0,POR,70.0,70.0,37.04,8.960000000000003,18.580000000000002,0.484,0.1,0.48,0.2102,8.84,18.12,0.489,0.48739999999999994,4.16,5.1,0.8164000000000001,2.68,6.739999999999999,9.440000000000001,2.2800000000000002,0.8600000000000001,1.04,1.86,2.38,22.24,16006000.0
Lance Stephenson,423,14-15,SG,22.0,CHO,54.2,35.2,22.08,2.92,6.839999999999999,0.4072,0.4600000000000001,1.6599999999999997,0.1972,2.46,5.140000000000001,0.465,0.43400000000000005,1.0000000000000002,1.48,0.6494000000000001,0.5599999999999999,3.1000000000000005,3.6799999999999997,2.8600000000000003,0.6199999999999999,0.1,1.6800000000000004,1.7400000000000002,7.279999999999999,9000000.0
Landry Fields,154,14-15,SF,24.0,TOR,51.0,35.2,19.8,2.18,4.66,0.461,0.3,1.02,0.2584,1.86,3.66,0.4958,0.48460000000000003,0.7999999999999999,1.16,0.6884,0.86,2.68,3.5400000000000005,1.4,0.7,0.16,0.86,1.0399999999999998,5.46,6250000.0
Larry Sanders,400,14-15,C,24.0,MIL,46.6,22.6,20.259999999999998,2.8600000000000003,5.9799999999999995,0.47300000000000003,0.0,0.0,0.0,2.8600000000000003,5.9799999999999995,0.4748,0.47300000000000003,0.8,1.52,0.525,2.1,3.7,5.78,0.76,0.7,1.72,0.9399999999999998,2.9999999999999996,6.540000000000001,11000000.0
LeBron James,235,14-15,SF,28.0,CLE,72.6,72.6,37.6,9.74,18.32,0.5322000000000001,1.34,3.62,0.36619999999999997,8.4,14.7,0.5736,0.5686,5.8,7.76,0.7485999999999999,1.1199999999999999,6.18,7.26,6.840000000000001,1.6800000000000002,0.66,3.4800000000000004,1.72,26.6,20644400.0
Leandro Barbosa,29,14-15,SG,30.0,GSW,49.8,0.6,18.3,3.38,7.68,0.4412,0.74,2.1,0.35340000000000005,2.6399999999999997,5.6,0.47280000000000005,0.48839999999999995,1.36,1.6800000000000002,0.7891999999999999,0.3,1.3,1.6199999999999999,1.6199999999999999,0.6399999999999999,0.12,1.02,1.6,8.84,
Lou Amundson,13,14-15,PF,30.0,TOT,43.4,8.4,12.9,1.4,3.22,0.4412,0.0,0.0,0.0,1.4,3.22,0.44160000000000005,0.4412,0.54,1.42,0.3744,1.5799999999999998,2.1199999999999997,3.6799999999999997,0.5,0.42000000000000004,0.6599999999999999,0.74,2.08,3.34,409167.0
Lou Williams,478,14-15,SG,26.0,TOR,63.6,3.2,25.52,4.42,10.799999999999999,0.40780000000000005,1.5,4.3,0.3518,2.8999999999999995,6.5,0.4478000000000001,0.4782,3.4199999999999995,4.0600000000000005,0.8425999999999998,0.32,1.78,2.1,3.2199999999999998,0.8799999999999999,0.2,1.44,1.3800000000000001,13.719999999999999,5450000.0
Luc Mbah a Moute,303,14-15,PF,26.0,PHI,62.2,37.4,23.439999999999998,2.6599999999999997,6.1,0.44400000000000006,0.24,0.82,0.2286,2.42,5.300000000000001,0.45940000000000003,0.45920000000000005,1.3,2.08,0.639,1.5,2.94,4.44,0.9400000000000001,0.8400000000000001,0.32,1.04,1.72,6.9,4382576.0
Luis Scola,402,14-15,PF,32.0,IND,77.0,45.0,25.619999999999997,5.299999999999999,10.940000000000001,0.4808,0.02,0.1,0.1162,5.26,10.8,0.4845999999999999,0.4822,2.12,2.8400000000000003,0.745,1.6799999999999997,4.799999999999999,6.519999999999999,1.8199999999999998,0.56,0.36000000000000004,1.6600000000000001,2.76,12.719999999999999,4868499.0
Luke Babbitt,27,14-15,SF,23.0,NOP,43.2,5.0,12.32,1.4999999999999998,3.8200000000000003,0.384,0.8800000000000001,2.28,0.3716,0.6,1.5400000000000003,0.3914,0.49479999999999996,0.27999999999999997,0.42000000000000004,0.6828000000000001,0.36,1.8399999999999999,2.2,0.5399999999999999,0.24000000000000005,0.18,0.47999999999999987,1.2,4.18,
Luke Ridnour,384,14-15,PG,31.0,ORL,62.8,43.0,25.360000000000003,3.4599999999999995,7.8,0.4344,0.76,2.2399999999999998,0.3466,2.68,5.5600000000000005,0.472,0.4862,1.2200000000000002,1.3800000000000001,0.8266,0.4,1.8199999999999998,2.2,3.78,0.86,0.15999999999999998,1.5,1.9799999999999998,8.88,2750000.0
Luol Deng,124,14-15,SF,27.0,MIA,69.2,69.2,37.18,5.9,13.459999999999999,0.4396,1.1800000000000002,3.4599999999999995,0.3382,4.720000000000001,10.02,0.4744,0.48360000000000003,2.94,3.7599999999999993,0.7782,1.6,4.339999999999999,5.9,2.7,1.0,0.42000000000000004,1.7799999999999998,1.64,15.839999999999998,9714461.0
Manu Ginóbili,172,14-15,SG,35.0,SAS,62.4,17.8,24.46,4.32,9.540000000000001,0.4558,1.48,4.12,0.3618,2.84,5.42,0.5269999999999999,0.5344,2.8600000000000003,3.44,0.8219999999999998,0.45999999999999996,2.8200000000000003,3.3,4.4799999999999995,1.1,0.32,2.1,1.8800000000000001,12.98,
Marc Gasol,166,14-15,C,28.0,MEM,73.2,73.2,34.0,5.5200000000000005,11.219999999999999,0.49399999999999994,0.0,0.18,0.1882,5.5200000000000005,11.04,0.499,0.4952,3.4200000000000004,4.4,0.7814,1.7599999999999998,5.9799999999999995,7.74,3.4,0.96,1.64,1.9600000000000002,2.94,14.48,15829688.0
Marco Belinelli,43,14-15,SG,26.0,SAS,72.2,37.0,25.54,3.7600000000000002,8.739999999999998,0.4314,1.48,3.7599999999999993,0.39039999999999997,2.2800000000000002,4.9799999999999995,0.46299999999999997,0.516,1.48,1.8199999999999998,0.8202,0.26,2.0799999999999996,2.34,1.6800000000000002,0.5800000000000001,0.08,1.06,1.6800000000000002,10.5,2873750.0
Mario Chalmers,88,14-15,PG,26.0,MIA,72.8,55.8,27.48,3.0799999999999996,7.24,0.4266,1.3000000000000003,3.5,0.367,1.8,3.7399999999999998,0.479,0.5178,1.52,1.9,0.7948,0.31999999999999995,2.2,2.5,3.6399999999999997,1.44,0.15999999999999998,1.8800000000000003,2.6799999999999997,8.96,4000000.0
Marreese Speights,420,14-15,C,25.0,GSW,71.6,14.0,15.739999999999998,3.2,6.82,0.4652,0.04,0.18,0.2172,3.1399999999999997,6.68,0.471,0.46880000000000005,1.48,1.8199999999999998,0.7918,1.54,2.9,4.48,0.64,0.24000000000000005,0.45999999999999996,0.9400000000000001,2.2,7.860000000000001,3657500.0
Martell Webster,468,14-15,SF,26.0,WAS,55.8,20.4,23.139999999999997,2.7,6.380000000000001,0.4018,1.2,3.12,0.3606,1.5,3.2600000000000002,0.44040000000000007,0.4892,1.64,2.08,0.7999999999999999,0.64,2.3600000000000003,2.9799999999999995,1.1400000000000001,0.5199999999999999,0.2,0.9799999999999999,1.78,8.219999999999999,5381750.0
Marvin Williams,479,14-15,PF,26.0,CHO,67.8,45.4,26.04,3.2600000000000002,7.44,0.43520000000000003,0.96,2.6999999999999997,0.35340000000000005,2.28,4.74,0.48419999999999996,0.5014000000000001,1.4200000000000002,1.78,0.7809999999999999,1.0,3.6800000000000006,4.720000000000001,1.2399999999999998,0.7,0.44000000000000006,0.8200000000000001,1.72,8.86,7000000.0
Matt Barnes,33,14-15,SF,32.0,LAC,67.0,26.8,25.04,3.3,7.279999999999999,0.4532,1.1999999999999997,3.54,0.3396,2.06,3.7600000000000002,0.5548,0.5338,1.14,1.54,0.7554000000000001,1.2,3.4,4.6,1.6600000000000001,0.82,0.62,1.1600000000000001,2.7600000000000002,8.96,3396250.0
Matt Bonner,56,14-15,PF,32.0,SAS,66.4,5.2,15.959999999999999,1.8199999999999998,4.0600000000000005,0.449,1.06,2.5,0.4226,0.78,1.5399999999999998,0.4866,0.5757999999999999,0.27999999999999997,0.38,0.76,0.48,2.02,2.4999999999999996,0.7,0.24000000000000005,0.26,0.25999999999999995,1.1400000000000001,5.000000000000001,
Michael Beasley,42,14-15,PF,24.0,MIA,54.8,20.6,22.44,4.7,10.64,0.4466,0.5799999999999998,1.7200000000000002,0.33580000000000004,4.12,8.88,0.46819999999999995,0.4744,1.5,2.04,0.7363999999999999,0.8400000000000001,3.3,4.12,1.3599999999999999,0.5,0.5,1.7600000000000002,2.1399999999999997,11.5,195440.0
Mickaël Piétrus,340,12-13,SF,28.6,TOR,35.0,6.0,20.339999999999996,2.36,6.140000000000001,0.3814,1.44,4.06,0.3482,0.9,2.08,0.4418,0.4976000000000001,0.58,0.8400000000000001,0.6404,0.3,2.06,2.3600000000000003,0.56,0.52,0.32,0.74,1.7799999999999998,6.7,
Mike Bibby,43,11-12,PG,32.2,NYK,39.8,28.0,22.76,2.08,5.7,0.3392,1.2799999999999998,3.44,0.33080000000000004,0.8,2.28,0.32880000000000004,0.4446,0.33999999999999997,0.5,0.6585,0.14,1.9,2.04,3.1,0.5599999999999999,0.08,1.0,1.8400000000000003,5.78,
Mike Conley,100,14-15,PG,25.0,MEM,73.2,73.0,34.08,5.42,12.26,0.4426,1.24,3.4,0.371,4.18,8.879999999999999,0.46979999999999994,0.4932,2.7,3.28,0.8196,0.45999999999999996,2.44,2.84,6.1,1.8,0.21999999999999997,2.1800000000000006,2.06,14.8,8694216.0
Mike Dunleavy,138,14-15,SF,32.0,CHI,67.2,34.8,28.1,3.8599999999999994,8.6,0.4486,1.6199999999999999,4.04,0.4032,2.2600000000000002,4.62,0.4872000000000001,0.5436,1.5799999999999996,1.94,0.818,0.48,3.5799999999999996,4.04,1.9599999999999997,0.6199999999999999,0.4,1.14,1.8400000000000003,10.940000000000001,3326235.0
Mike Miller,320,14-15,SF,32.0,CLE,54.6,8.0,17.859999999999996,1.86,4.359999999999999,0.41500000000000004,1.1,2.7199999999999998,0.404,0.76,1.64,0.433,0.5454,0.3,0.38,0.6748,0.45999999999999996,2.52,2.96,1.3000000000000003,0.38,0.1,0.74,1.4599999999999997,5.140000000000001,
Monta Ellis,142,14-15,SG,27.0,DAL,76.4,76.4,37.0,7.74,17.6,0.43920000000000003,1.1400000000000001,3.66,0.3142,6.58,13.959999999999999,0.471,0.47140000000000004,3.72,4.74,0.7796000000000001,0.45999999999999996,2.8999999999999995,3.3600000000000003,5.4799999999999995,1.8599999999999999,0.32,3.0200000000000005,2.34,20.32,8360000.0
Nenê,213,14-15,PF,30.0,WAS,59.0,50.4,28.18,5.139999999999999,9.74,0.5292,0.0,0.08,0.12000000000000002,5.119999999999999,9.680000000000001,0.5319999999999999,0.5296,2.9200000000000004,4.42,0.6599999999999999,1.5400000000000003,4.9399999999999995,6.4799999999999995,2.34,1.06,0.76,2.1399999999999997,2.8400000000000007,13.2,
Nick Collison,99,14-15,PF,32.0,OKC,72.4,1.2,19.02,1.86,3.4199999999999995,0.5466,0.04,0.22000000000000003,0.1255,1.8,3.18,0.5630000000000001,0.5546,0.74,1.02,0.7268000000000001,1.5799999999999998,2.5,4.0600000000000005,1.3,0.52,0.38,0.86,2.5,4.5,2242003.0
Nick Young,489,14-15,SG,27.0,LAL,58.2,20.2,27.140000000000004,5.08,12.320000000000002,0.41159999999999997,1.7399999999999998,4.64,0.3728,3.3600000000000003,7.7,0.4332,0.4824,2.7600000000000007,3.3,0.841,0.44000000000000006,1.94,2.3800000000000003,1.2,0.64,0.26,1.2,2.0800000000000005,14.7,4994420.0
Nicolas Batum,37,14-15,SF,24.0,POR,73.0,65.4,33.980000000000004,4.460000000000001,10.18,0.43879999999999997,1.7600000000000002,4.86,0.35860000000000003,2.7399999999999998,5.3,0.5118,0.5242,1.92,2.32,0.837,1.28,4.34,5.62,3.54,1.02,0.8,1.9,1.9,12.6,11765500.0
Nikola Peković,364,14-15,C,27.0,MIN,51.8,38.2,25.839999999999996,5.040000000000001,9.86,0.5132,0.0,0.0,,5.040000000000001,9.86,0.5132,0.5132,3.0200000000000005,3.96,0.7668,3.1399999999999997,3.960000000000001,7.08,0.76,0.5599999999999999,0.5599999999999999,1.58,2.3,13.139999999999997,
O.J. Mayo,302,14-15,SG,25.0,MIL,68.4,27.4,27.68,4.58,10.940000000000001,0.41859999999999997,1.52,4.1,0.3724,3.06,6.859999999999999,0.4468,0.48860000000000003,1.7600000000000002,2.18,0.808,0.45999999999999996,2.36,2.82,2.8,0.9,0.32,1.9,2.14,12.460000000000003,8000000.0
Omri Casspi,87,14-15,SF,24.0,SAC,63.4,16.8,19.1,2.56,5.9799999999999995,0.42400000000000004,0.82,2.34,0.35300000000000004,1.7400000000000002,3.6799999999999997,0.4702,0.4922000000000001,1.1800000000000002,1.7399999999999998,0.6616000000000001,0.82,2.8,3.62,1.08,0.6200000000000001,0.22000000000000003,0.96,1.48,7.1,
Patrick Patterson,360,14-15,PF,23.0,TOR,66.6,13.0,23.020000000000003,3.4799999999999995,7.2,0.4838,0.5599999999999999,1.5399999999999998,0.2242,2.9,5.640000000000001,0.518,0.5227999999999999,0.7,0.9400000000000001,0.734,1.7,3.0799999999999996,4.720000000000001,1.1599999999999997,0.5199999999999999,0.6,0.8,1.8799999999999997,8.18,5831326.0
Patty Mills,322,14-15,PG,24.0,SAS,54.0,1.4,14.879999999999999,2.84,6.44,0.4422,1.2,3.0599999999999996,0.3896,1.6600000000000001,3.3599999999999994,0.49140000000000006,0.5349999999999999,0.66,0.74,0.8645999999999999,0.32,1.1,1.42,1.7399999999999998,0.54,0.06000000000000001,0.9600000000000002,1.06,7.6,3842105.0
Pau Gasol,167,14-15,PF,32.0,CHI,66.8,65.4,34.8,6.840000000000001,13.84,0.49399999999999994,0.12,0.3,0.32520000000000004,6.74,13.479999999999999,0.4981999999999999,0.49779999999999996,3.38,4.34,0.7692,2.66,7.4799999999999995,10.14,3.4199999999999995,0.5,1.52,2.0799999999999996,2.08,17.16,7128000.0
Paul George,170,14-15,SF,22.0,IND,58.4,48.8,27.880000000000003,4.72,11.26,0.42060000000000003,1.6199999999999999,4.34,0.36339999999999995,3.1399999999999997,6.900000000000001,0.4514,0.491,2.5200000000000005,3.1199999999999997,0.7924,0.8,4.680000000000001,5.48,2.42,1.42,0.42000000000000004,2.12,2.44,13.559999999999999,15937290.0
Paul Millsap,324,14-15,PF,27.0,ATL,73.0,72.4,32.739999999999995,6.340000000000001,12.9,0.49060000000000004,0.5000000000000001,1.44,0.3328,5.82,11.5,0.5076,0.5098,3.4799999999999995,4.58,0.7558,2.2600000000000002,5.720000000000001,7.960000000000001,2.72,1.6,0.9400000000000001,2.06,3.1399999999999997,16.619999999999997,9500000.0
Paul Pierce,366,14-15,SF,35.0,WAS,73.2,71.8,31.26,5.46,12.020000000000001,0.4548,1.6,4.279999999999999,0.3764,3.8600000000000003,7.74,0.4984,0.5236000000000001,3.9,4.74,0.8211999999999999,0.5,4.6,5.1,3.4,0.9800000000000001,0.42000000000000004,2.1999999999999997,2.54,16.46,5305000.0
Quincy Pondexter,369,14-15,SF-SG,24.0,TOT,55.8,9.4,17.96,1.92,4.56,0.41979999999999995,0.7,2.02,0.3506,1.18,2.5599999999999996,0.4652,0.49319999999999997,0.8400000000000001,1.1199999999999999,0.7328,0.6599999999999999,1.3199999999999998,1.9600000000000002,0.8800000000000001,0.38,0.16,0.62,1.4400000000000002,5.38,3146068.0
Rajon Rondo,391,14-15,PG,26.0,TOT,51.4,51.4,34.9,4.819999999999999,10.82,0.44719999999999993,0.38,1.4,0.26280000000000003,4.42,9.4,0.4708,0.46440000000000003,1.3199999999999998,2.2,0.5668,1.08,4.0600000000000005,5.160000000000001,10.34,1.7,0.13999999999999999,3.46,2.14,11.36,12909090.0
Ramon Sessions,406,14-15,PG,26.0,TOT,70.6,18.0,25.080000000000002,3.7600000000000002,8.8,0.421,0.38,1.1800000000000002,0.31,3.3600000000000003,7.62,0.43360000000000004,0.4444,3.62,4.4799999999999995,0.8039999999999999,0.48,2.32,2.78,4.279999999999999,0.6599999999999999,0.06000000000000001,1.8399999999999999,1.28,11.52,2077000.0
Randy Foye,156,14-15,SG,29.0,DEN,68.2,48.6,26.059999999999995,3.66,9.22,0.3928,1.8999999999999997,5.039999999999999,0.372,1.7399999999999998,4.2,0.4124,0.495,1.4799999999999998,1.78,0.8476000000000001,0.28,1.6600000000000001,1.9599999999999997,2.56,0.74,0.33999999999999997,1.3399999999999999,2.12,10.7,
Reggie Evans,146,14-15,PF,32.0,SAC,53.4,20.2,19.580000000000002,1.22,2.74,0.45099999999999996,0.0,0.0,0.0,1.22,2.74,0.4532,0.45099999999999996,1.2399999999999998,2.3,0.5468,2.66,5.38,8.0,0.64,0.74,0.13999999999999999,1.1199999999999999,2.34,3.7,1768653.0
Reggie Williams,481,14-15,SF,26.0,SAS,35.2,4.4,12.680000000000001,2.1,4.64,0.4516,0.68,2.0,0.3056,1.42,2.62,0.569,0.5174,0.54,0.72,0.73675,0.38,1.1600000000000001,1.54,1.02,0.33999999999999997,0.02,0.6,0.8,5.36,344036.0
Richard Jefferson,238,14-15,SF,32.0,DAL,71.2,44.4,22.4,2.72,6.08,0.44800000000000006,1.24,2.94,0.40119999999999995,1.52,3.1599999999999997,0.47759999999999997,0.5416000000000001,1.2,1.6199999999999999,0.7190000000000001,0.33999999999999997,2.46,2.8,1.1400000000000001,0.5,0.22000000000000003,0.82,1.6600000000000001,7.840000000000001,
Robin Lopez,287,14-15,C,24.0,POR,70.8,55.8,22.86,3.5200000000000005,6.720000000000001,0.5164,0.0,0.0,0.0,3.5200000000000005,6.7,0.517,0.5164,1.7599999999999998,2.2800000000000002,0.7644,2.52,2.98,5.459999999999999,0.6,0.32,1.26,0.9800000000000001,2.12,8.76,6124729.0
Rodney Stuckey,428,14-15,PG,26.0,IND,69.0,33.4,28.559999999999995,4.74,10.959999999999999,0.43,0.5599999999999999,1.7600000000000002,0.3142,4.180000000000001,9.2,0.45119999999999993,0.45620000000000005,3.6399999999999997,4.359999999999999,0.8276,0.6599999999999999,2.2,2.86,3.56,0.82,0.14,1.86,2.02,13.66,
Ronnie Price,374,14-15,PG,29.0,LAL,41.6,6.0,14.940000000000001,1.2799999999999998,3.7,0.3406,0.4,1.4600000000000002,0.26680000000000004,0.8600000000000001,2.24,0.39039999999999997,0.3924,0.52,0.68,0.7488,0.38,0.9799999999999999,1.3399999999999999,2.12,0.9400000000000002,0.1,1.02,1.9400000000000002,3.4199999999999995,
Ronny Turiaf,447,14-15,C,30.0,MIN,35.8,7.2,14.8,1.1199999999999999,1.8800000000000001,0.57775,0.0,0.02,0.0,1.1199999999999999,1.8800000000000001,0.58225,0.57775,0.5800000000000001,1.08,0.49949999999999994,0.9400000000000001,2.2,3.1399999999999997,0.86,0.38,0.8400000000000001,0.52,1.6199999999999999,2.78,1500000.0
Roy Hibbert,211,14-15,C,26.0,IND,76.4,76.2,28.24,4.68,10.16,0.4582,0.0,0.04,0.13,4.68,10.1,0.45940000000000003,0.4586,2.4,3.18,0.7582,2.7600000000000002,4.92,7.659999999999999,1.46,0.4,2.04,1.9200000000000004,3.16,11.76,14898938.0
Rudy Gay,168,14-15,SF,26.0,SAC,67.0,66.6,36.62,7.38,16.359999999999996,0.4504,1.02,2.96,0.34400000000000003,6.340000000000001,13.420000000000002,0.47359999999999997,0.4812,3.8800000000000003,4.7,0.818,1.54,4.54,6.119999999999999,2.8800000000000003,1.4,0.7999999999999999,2.68,2.3,19.619999999999997,19317326.0
Russell Westbrook,470,14-15,PG,24.0,OKC,68.6,68.6,34.0,8.28,18.82,0.44000000000000006,1.06,3.4,0.31720000000000004,7.2,15.440000000000001,0.4676,0.4680000000000001,6.14,7.44,0.8252,1.5,4.000000000000001,5.4799999999999995,7.3199999999999985,1.8800000000000001,0.27999999999999997,3.8,2.4,23.720000000000006,15719062.0
Ryan Anderson,17,14-15,PF,24.0,NOP,57.8,23.2,29.8,5.3,12.5,0.4258,2.48,6.5,0.3834,2.82,6.0,0.476,0.528,2.14,2.4200000000000004,0.8678000000000001,2.5799999999999996,3.62,6.180000000000001,0.9200000000000002,0.5599999999999999,0.4,0.96,2.1399999999999997,15.280000000000001,8491500.0
Ryan Hollins,220,14-15,C,28.0,SAC,55.2,6.6,11.78,1.28,2.04,0.6284,0.0,0.0,,1.28,2.04,0.6284,0.6284,1.0,1.56,0.63,0.8,1.3800000000000001,2.16,0.24000000000000005,0.13999999999999999,0.5,0.72,1.9600000000000002,3.4799999999999995,915243.0
Samuel Dalembert,113,14-15,C,31.0,NYK,60.8,40.6,19.98,2.7800000000000002,5.4799999999999995,0.5054000000000001,0.0,0.0,0.25,2.7800000000000002,5.4799999999999995,0.5058,0.5055999999999999,1.06,1.42,0.7307999999999999,2.3,4.340000000000001,6.640000000000001,0.6199999999999999,0.48,1.3599999999999999,1.28,2.4,6.58,4051527.0
Serge Ibaka,227,14-15,PF,23.0,OKC,74.6,67.0,30.26,5.2,9.799999999999999,0.5326000000000001,0.36,0.9200000000000002,0.2886,4.840000000000001,8.86,0.5456000000000001,0.5475999999999999,1.6,2.12,0.756,2.6399999999999997,5.24,7.88,0.6199999999999999,0.45999999999999996,2.8400000000000003,1.34,2.9200000000000004,12.319999999999999,12350000.0
Shannon Brown,67,14-15,SG,27.0,MIA,46.8,8.8,18.619999999999997,2.78,6.739999999999999,0.3994,0.6799999999999999,1.94,0.2834,2.1,4.819999999999999,0.4166,0.44480000000000003,1.0599999999999998,1.3,0.7934,0.38,1.24,1.6600000000000001,1.02,0.74,0.16,0.9400000000000001,1.3199999999999998,7.279999999999999,
Shaun Livingston,285,14-15,PG,27.0,GSW,70.2,19.8,20.58,2.56,5.359999999999999,0.4796,0.0,0.08,0.21680000000000002,2.56,5.3199999999999985,0.4816,0.4806,1.36,1.6599999999999997,0.8114000000000001,0.62,1.8199999999999998,2.4,2.8200000000000003,0.72,0.38,1.24,1.7,6.5200000000000005,5305000.0
Shawn Marion,295,14-15,SF,34.0,CLE,68.6,51.4,27.939999999999998,4.38,9.0,0.4816,0.34,1.1,0.27599999999999997,4.06,7.9,0.508,0.5012000000000001,1.0399999999999998,1.3199999999999998,0.7792,1.8800000000000001,4.5600000000000005,6.42,1.6800000000000002,0.96,0.58,1.3199999999999998,1.4999999999999998,10.08,915243.0
Shawne Williams,482,14-15,SF,26.2,TOT,44.8,13.0,20.080000000000002,2.04,5.459999999999999,0.375,1.1,3.3600000000000003,0.33080000000000004,0.9400000000000001,2.12,0.4516,0.4766,0.45999999999999996,0.6,0.7678,0.74,2.9200000000000004,3.6399999999999997,0.72,0.48,0.6200000000000001,0.5800000000000001,2.3400000000000003,5.640000000000001,1227985.0
Spencer Hawes,204,14-15,PF,24.0,LAC,70.6,48.6,24.34,3.8600000000000003,8.440000000000001,0.45339999999999997,0.6000000000000001,1.64,0.3156,3.2600000000000002,6.840000000000001,0.477,0.48760000000000003,1.06,1.4599999999999997,0.6936,1.5599999999999998,4.82,6.4,2.1,0.4,1.1,1.46,2.6799999999999997,9.360000000000001,5305000.0
Stephen Curry,112,14-15,PG,24.0,GSW,67.2,66.6,33.839999999999996,7.4,15.579999999999998,0.4758,2.9,6.6,0.4434,4.48,8.98,0.49960000000000004,0.5686,3.12,3.46,0.8884000000000001,0.6799999999999999,3.3200000000000003,3.9799999999999995,6.840000000000001,1.64,0.24000000000000005,3.12,2.5,20.8,10629213.0
Steve Blake,51,14-15,PG,32.0,POR,62.6,9.2,23.099999999999998,1.9400000000000002,5.08,0.3816,1.1800000000000002,3.14,0.3724,0.78,1.9200000000000004,0.3964,0.49820000000000003,0.45999999999999996,0.6,0.778,0.26,1.9599999999999997,2.2199999999999998,3.7,0.7,0.06000000000000001,1.3800000000000001,1.4999999999999998,5.54,
Sundiata Gaines,157,11-12,SG,24.2,NJN,21.0,2.4,12.819999999999999,1.8,4.5200000000000005,0.388,0.42000000000000004,1.6,0.2692,1.3800000000000001,2.8999999999999995,0.4628,0.4328,0.76,1.5,0.49960000000000004,0.4800000000000001,1.08,1.6,1.8199999999999998,0.74,0.04,1.0799999999999998,1.06,4.72,
Taj Gibson,171,14-15,PF,27.0,CHI,70.4,9.8,24.12,3.7399999999999998,7.720000000000001,0.4854,0.0,0.06000000000000001,0.041666666666666664,3.7399999999999998,7.660000000000001,0.48840000000000006,0.4856,1.7399999999999998,2.48,0.6890000000000001,2.2,3.6799999999999997,5.9,0.9,0.48,1.3199999999999998,1.2200000000000002,2.46,9.22,8000000.0
Tayshaun Prince,376,14-15,SF,32.0,TOT,71.4,62.8,29.54,4.3,9.779999999999998,0.43579999999999997,0.45999999999999996,1.24,0.372,3.8200000000000003,8.58,0.44420000000000004,0.46020000000000005,1.06,1.5,0.7070000000000001,0.8600000000000001,3.1,3.96,2.16,0.48,0.38,0.9,1.02,10.139999999999999,7707865.0
Terrence Williams,459,12-13,SF,23.6,BOS,19.2,0.0,14.719999999999999,2.2,5.44,0.4056,0.31999999999999995,1.04,0.2974,1.8999999999999997,4.38,0.4321999999999999,0.4346,0.6599999999999999,1.08,0.6002,0.24000000000000005,2.3,2.52,1.86,0.5,0.06000000000000001,1.4200000000000002,1.08,5.38,
Thabo Sefolosha,404,14-15,SF,28.0,ATL,63.0,54.0,24.0,2.1399999999999997,4.819999999999999,0.4434,0.74,2.04,0.3536,1.3800000000000001,2.7800000000000002,0.5004000000000001,0.5192,0.82,1.02,0.8002,0.76,3.08,3.8400000000000007,1.3800000000000001,1.1400000000000001,0.42000000000000004,0.8200000000000001,1.8200000000000003,5.82,4150000.0
Thaddeus Young,490,14-15,PF,24.0,TOT,75.2,44.8,30.98,6.220000000000001,12.540000000000001,0.4998,0.34,1.14,0.2572,5.86,11.42,0.5142,0.5116,1.7,2.48,0.6838,2.0599999999999996,3.8199999999999994,5.88,1.6799999999999997,1.52,0.5,1.3800000000000001,2.32,14.459999999999999,9410869.0
Tiago Splitter,421,14-15,C,28.0,SAS,62.2,30.2,19.46,3.12,5.54,0.5576,0.0,0.02,0.0,3.12,5.5,0.5593999999999999,0.5576,1.9600000000000002,2.8199999999999994,0.6826000000000001,1.7,3.5199999999999996,5.199999999999999,1.22,0.58,0.6199999999999999,1.1400000000000001,1.9600000000000002,8.120000000000001,9250000.0
Tim Duncan*,137,14-15,C,36.0,SAS,70.8,70.8,28.959999999999997,6.04,12.1,0.4992,0.0,0.1,0.11440000000000002,6.04,12.06,0.5016,0.49960000000000004,3.02,4.0600000000000005,0.7398,2.04,7.280000000000001,9.319999999999999,2.7399999999999998,0.7,2.0,1.8400000000000003,1.78,15.12,
Toney Douglas,130,14-15,SG,26.0,NOP,50.6,7.0,17.56,2.4,6.3,0.38,0.9400000000000001,2.8600000000000003,0.31320000000000003,1.48,3.44,0.4344,0.45220000000000005,0.78,1.0,0.779,0.45999999999999996,1.6600000000000001,2.06,2.08,0.8399999999999999,0.08,1.0399999999999998,1.7799999999999998,6.5200000000000005,107676.0
Tony Allen,11,14-15,SG,31.0,MEM,65.4,47.2,24.639999999999997,3.6,7.459999999999999,0.48260000000000003,0.12,0.48,0.2372,3.4799999999999995,7.0200000000000005,0.4992,0.4902,1.7400000000000002,2.42,0.7050000000000001,1.44,2.44,3.8999999999999995,1.42,1.7399999999999998,0.52,1.4000000000000001,2.4200000000000004,9.04,4831461.0
Tony Parker,358,14-15,PG,30.0,SAS,68.0,68.0,31.1,6.94,13.84,0.5012000000000001,0.38,1.04,0.348,6.58,12.8,0.513,0.5148,3.16,3.9199999999999995,0.8013999999999999,0.32,2.3200000000000003,2.6399999999999997,6.5,0.8200000000000001,0.06000000000000001,2.42,1.4600000000000002,17.44,12500000.0
Trevor Ariza,22,14-15,SF,27.0,HOU,66.2,58.0,33.0,4.220000000000001,10.059999999999999,0.41800000000000004,1.58,4.380000000000001,0.3514,2.62,5.619999999999999,0.4694,0.4952,1.7,2.2,0.7844,0.96,4.4799999999999995,5.44,2.5,1.6199999999999999,0.38,1.6800000000000002,2.02,11.7,8579089.0
Trevor Booker,57,14-15,PF,25.0,UTA,62.8,22.0,20.3,2.8,5.36,0.5218,0.08,0.24000000000000005,0.16899999999999998,2.7199999999999998,5.119999999999999,0.5314,0.5282,0.9400000000000001,1.6,0.606,1.9600000000000002,3.18,5.14,0.82,0.6399999999999999,0.5800000000000001,0.86,2.04,6.6,
Troy Murphy,313,12-13,PF,30.6,DAL,28.6,1.8,14.86,1.28,3.4,0.38839999999999997,0.34,1.2799999999999998,0.23160000000000003,0.9600000000000002,2.1,0.46040000000000003,0.43500000000000005,0.5,0.72,0.7236,0.6,2.6799999999999997,3.2600000000000002,0.6799999999999999,0.45999999999999996,0.19999999999999998,0.52,1.5599999999999998,3.4200000000000004,
Ty Lawson,274,14-15,PG,25.0,DEN,70.2,59.8,33.36,5.500000000000001,11.96,0.4638,1.08,2.92,0.36640000000000006,4.46,9.040000000000001,0.4952,0.5084,3.4,4.380000000000001,0.7744,0.68,2.4400000000000004,3.12,7.32,1.3199999999999998,0.12,2.46,1.7,15.520000000000001,11595506.0
Tyler Hansbrough,195,14-15,PF,27.0,TOR,71.0,9.8,18.04,2.38,5.28,0.45940000000000003,0.0,0.02,0.028600000000000004,2.3600000000000003,5.2,0.465,0.4600000000000001,2.44,3.2600000000000002,0.7382,1.8199999999999998,2.6399999999999997,4.46,0.42000000000000004,0.5,0.2,0.82,2.12,7.159999999999999,3326235.0
Tyreke Evans,147,14-15,SG,23.0,NOP,67.2,54.6,32.92,6.16,13.939999999999998,0.4446,0.6,2.08,0.2712,5.5600000000000005,11.84,0.4734,0.46580000000000005,3.18,4.199999999999999,0.7579999999999999,0.96,3.8200000000000003,4.76,5.040000000000001,1.34,0.44000000000000006,2.6799999999999997,2.2800000000000002,16.119999999999997,11265416.0
Tyson Chandler,89,14-15,C,30.0,DAL,66.4,66.4,30.9,3.7600000000000002,5.819999999999999,0.6459999999999999,0.0,0.0,0.0,3.7600000000000002,5.799999999999999,0.6472,0.6459999999999999,2.68,3.84,0.6933999999999999,3.4199999999999995,6.8,10.22,0.8800000000000001,0.6599999999999999,1.1800000000000002,1.3599999999999999,2.78,10.16,14846888.0
Udonis Haslem,203,14-15,PF,32.0,MIA,52.0,22.4,20.08,2.16,4.52,0.4808,0.0,0.04,0.2,2.16,4.4799999999999995,0.483,0.4816000000000001,0.8200000000000001,1.1400000000000001,0.7192000000000001,1.46,4.279999999999999,5.779999999999999,0.54,0.38,0.26,0.76,2.2,5.18,2732000.0
Wayne Ellington,141,14-15,SG,25.0,LAL,60.2,14.0,18.78,2.6,6.279999999999999,0.4166,0.9400000000000001,2.44,0.3814,1.6800000000000002,3.8600000000000003,0.4396,0.49239999999999995,0.64,0.78,0.8442000000000001,0.34,1.6800000000000002,1.98,1.02,0.5,0.04,0.62,1.08,6.760000000000001,
Wesley Johnson,249,14-15,SF,25.0,LAL,69.8,53.8,25.16,3.2600000000000002,7.9799999999999995,0.40820000000000006,1.1199999999999999,3.2399999999999998,0.3426,2.14,4.76,0.4532000000000001,0.47800000000000004,0.74,0.9800000000000001,0.7538,0.64,2.72,3.3600000000000003,1.3400000000000003,0.7,0.68,1.06,1.9400000000000002,8.4,
Wesley Matthews,300,14-15,SG,26.0,POR,71.8,66.6,33.959999999999994,5.260000000000001,12.0,0.4372,2.3400000000000003,5.9,0.394,2.94,6.119999999999999,0.4824,0.5336000000000001,2.5,3.04,0.818,0.62,2.68,3.3,2.1799999999999997,1.24,0.19999999999999998,1.4200000000000002,2.2800000000000002,15.34,7245640.0
Will Bynum,77,14-15,SG,30.0,WAS,45.0,1.6,15.98,2.7399999999999998,6.500000000000002,0.4098,0.26,1.04,0.24,2.4799999999999995,5.4399999999999995,0.4534000000000001,0.4264,1.34,1.7200000000000002,0.7426,0.32,1.06,1.4000000000000001,3.0200000000000005,0.6,0.1,1.5400000000000003,1.8199999999999998,7.040000000000001,2915908.0
Willie Green,189,14-15,SG,31.0,ORL,61.8,17.2,17.94,2.62,6.040000000000001,0.4274,0.82,2.18,0.38079999999999997,1.7600000000000002,3.8600000000000003,0.4532,0.499,0.64,0.82,0.8008000000000001,0.26,1.3199999999999998,1.56,0.96,0.44000000000000006,0.16,0.6799999999999999,1.58,6.7,1448490.0
Xavier Henry,209,14-15,SF,21.0,LAL,37.0,4.6,14.8,1.72,4.380000000000001,0.3718,0.22000000000000003,0.58,0.30999999999999994,1.54,3.8,0.3834,0.3868,1.5200000000000002,2.38,0.623,0.38,1.24,1.6600000000000001,0.62,0.5,0.12,0.6599999999999999,1.3,5.14,1082000.0
Zach Randolph,380,14-15,PF,31.0,MEM,65.8,61.4,32.72,6.4799999999999995,13.559999999999999,0.476,0.06000000000000001,0.36,0.1946,6.419999999999999,13.220000000000002,0.48339999999999994,0.4788,3.1,4.16,0.7348000000000001,3.56,6.88,10.4,2.0,0.82,0.26,1.98,2.38,16.119999999999997,16500000.0
Zaza Pachulia,354,14-15,C,28.0,MIL,63.0,30.8,22.9,2.5200000000000005,5.42,0.4628,0.0,0.02,0.0,2.5200000000000005,5.42,0.4646,0.4628,1.8,2.34,0.7772,2.4200000000000004,3.9200000000000004,6.34,1.72,0.78,0.32,1.42,2.4799999999999995,6.82,5200000.0
Ömer Aşık,24,14-15,C,26.0,NOP,70.8,35.8,20.619999999999997,2.2199999999999998,4.199999999999999,0.5298,0.0,0.0,0.0,2.2199999999999998,4.199999999999999,0.53,0.5298,1.3800000000000001,2.52,0.5444000000000001,2.4000000000000004,5.299999999999999,7.6800000000000015,0.6399999999999999,0.39999999999999997,0.86,1.2799999999999998,2.04,5.82,
