Player,Rk,Season,Pos,Age,Tm,G,GS,MP,FG,FGA,FG%,3P,3PA,3P%,2P,2PA,2P%,eFG%,FT,FTA,FT%,ORB,DRB,TRB,AST,STL,BLK,TOV,PF,PTS,salary
Al Horford,207,15-16,C,27.0,ATL,54.4,54.4,32.88,6.9,12.739999999999998,0.5411999999999999,0.26000000000000006,0.8399999999999999,0.30279999999999996,6.62,11.9,0.5558,0.552,1.7,2.38,0.7232000000000001,2.16,5.840000000000001,8.02,2.88,0.9200000000000002,1.34,1.6600000000000001,1.92,15.760000000000002,12000000.0
Al Jefferson,222,15-16,C,29.0,CHO,64.8,58.2,31.2,7.719999999999999,15.6,0.4922000000000001,0.0,0.12,0.24200000000000002,7.660000000000001,15.5,0.4944,0.493,2.0200000000000005,2.88,0.7076,1.8,7.08,8.879999999999999,1.9200000000000004,0.8,1.2200000000000002,1.1400000000000001,2.34,17.48,13500000.0
Al-Farouq Aminu,11,15-16,SF,23.0,POR,75.6,48.4,24.439999999999998,2.7600000000000002,6.3,0.43760000000000004,0.5000000000000001,1.52,0.27880000000000005,2.2800000000000002,4.8,0.4732,0.47139999999999993,1.24,1.7399999999999998,0.7208,1.5,4.34,5.859999999999999,1.26,0.9800000000000001,0.6199999999999999,1.2400000000000002,1.98,7.26,8042895.0
Alan Anderson,14,15-16,SG,31.0,WAS,49.4,11.8,22.240000000000002,2.7,6.9,0.39380000000000004,1.1800000000000002,3.3600000000000003,0.3474,1.54,3.54,0.44239999999999996,0.4806,1.34,1.6799999999999997,0.807,0.4,1.86,2.2800000000000002,1.2600000000000002,0.54,0.12000000000000002,0.9,1.98,7.9799999999999995,4000000.0
Alec Burks,70,15-16,SG,22.0,UTA,51.8,8.4,24.16,3.7800000000000002,8.959999999999999,0.42379999999999995,0.6799999999999999,1.8,0.3658,3.0800000000000005,7.099999999999999,0.4364,0.461,2.8200000000000003,3.7,0.7524,0.72,2.4,3.1,2.0,0.62,0.15999999999999998,1.5000000000000002,2.06,11.080000000000002,9463484.0
Alonzo Gee,152,15-16,SF,26.0,NOP,67.4,35.4,22.080000000000002,2.4400000000000004,5.66,0.4446,0.44000000000000006,1.44,0.3236,2.0,4.24,0.48319999999999996,0.48360000000000003,1.4,1.8199999999999998,0.7312,0.9,2.38,3.28,1.12,0.9400000000000001,0.24,1.1,1.9400000000000002,6.779999999999999,1320000.0
Amar'e Stoudemire,413,15-16,C,31.0,MIA,50.4,23.8,22.94,4.76,8.860000000000001,0.548,0.02,0.1,0.119,4.74,8.76,0.5506,0.5488000000000001,2.6399999999999997,3.46,0.7556,1.86,3.6799999999999997,5.52,0.66,0.4600000000000001,0.74,1.5399999999999998,2.58,12.180000000000001,
Amir Johnson,228,15-16,PF,26.0,BOS,75.2,60.2,26.2,3.78,6.6,0.5702,0.15999999999999998,0.4600000000000001,0.3468,3.6,6.14,0.5888,0.5808,1.1600000000000001,1.7399999999999998,0.647,2.34,4.22,6.6,1.5,0.7,1.1,1.4400000000000002,3.2399999999999998,8.82,
Anderson Varejão,436,15-16,C,31.0,TOT,38.8,21.0,25.8,3.78,7.5200000000000005,0.49380000000000007,0.0,0.12000000000000002,0.0,3.78,7.4,0.5006,0.49380000000000007,1.6199999999999999,2.2800000000000002,0.6961999999999999,3.14,5.82,8.959999999999999,1.8599999999999999,1.0,0.54,1.28,2.2399999999999998,9.14,
Andre Iguodala,214,15-16,SF,30.0,GSW,69.4,41.2,31.240000000000002,3.7599999999999993,8.120000000000001,0.46580000000000005,1.02,2.94,0.3529999999999999,2.7199999999999998,5.2,0.5353999999999999,0.5312000000000001,1.4,2.3,0.6106,0.8200000000000001,3.8600000000000003,4.68,4.3,1.44,0.41999999999999993,1.6800000000000002,1.52,9.9,11710456.0
Andre Miller,302,15-16,PG,37.0,TOT,65.2,4.8,19.560000000000002,2.5,5.279999999999999,0.48660000000000003,0.18000000000000002,0.62,0.2926,2.3400000000000003,4.660000000000001,0.5109999999999999,0.5018,1.28,1.6199999999999999,0.7866,0.5599999999999999,1.78,2.3200000000000003,4.34,0.6599999999999999,0.1,1.6200000000000003,1.5399999999999998,6.459999999999999,250750.0
Andrea Bargnani,33,15-16,C,28.0,BRK,36.6,23.4,26.560000000000002,5.08,11.66,0.4364,0.7,2.3,0.2874,4.359999999999999,9.34,0.46679999999999994,0.4638,2.56,3.02,0.8358000000000001,0.96,3.22,4.2,1.24,0.34,0.7,1.4200000000000002,1.8,13.38,1362897.0
Andrew Bogut,54,15-16,C,29.0,GSW,49.6,48.4,25.119999999999997,3.34,6.4,0.5433999999999999,0.0,0.02,0.6666666666666666,3.34,6.380000000000001,0.5432,0.5444,0.54,1.08,0.49139999999999995,2.08,6.12,8.220000000000002,2.2800000000000002,0.6799999999999999,1.7600000000000002,1.4599999999999997,2.96,7.220000000000001,13800000.0
Anthony Morrow,315,15-16,SG,28.0,OKC,64.2,6.8,18.5,3.0,6.82,0.4366,1.28,3.12,0.403,1.7200000000000002,3.72,0.4636,0.5276,0.9,1.02,0.8603999999999999,0.36,1.28,1.6,0.6599999999999999,0.5,0.1,0.5599999999999999,1.28,8.139999999999999,3344000.0
Anthony Tolliver,428,15-16,PF,28.0,DET,65.0,7.2,18.1,1.72,4.340000000000001,0.39720000000000005,1.12,3.12,0.34500000000000003,0.6,1.2,0.49959999999999993,0.5214,0.6199999999999999,0.82,0.7626000000000001,0.64,2.2199999999999998,2.88,0.62,0.32,0.24000000000000005,0.5599999999999999,1.4200000000000002,5.18,3000000.0
Arron Afflalo,4,15-16,SG,28.0,NYK,69.6,65.6,34.019999999999996,5.540000000000001,12.360000000000003,0.44720000000000004,1.42,3.84,0.37220000000000003,4.119999999999999,8.56,0.48019999999999996,0.505,2.72,3.28,0.8305999999999999,0.42000000000000004,3.04,3.4799999999999995,2.54,0.52,0.12000000000000002,1.6600000000000001,2.06,15.2,8000000.0
Avery Bradley,59,15-16,SG,23.0,BOS,65.4,57.0,29.18,4.9,11.239999999999998,0.4428000000000001,1.18,3.3200000000000003,0.3664,3.72,7.9,0.47380000000000005,0.4928,1.1,1.4000000000000001,0.7847999999999999,0.62,2.14,2.7600000000000002,1.7600000000000002,1.1400000000000001,0.26,1.4000000000000001,2.2399999999999998,12.16,7730337.0
Beno Udrih,434,15-16,PG,31.0,TOT,57.8,7.6,18.220000000000002,2.54,5.6,0.44800000000000006,0.38,1.1400000000000001,0.3364,2.1399999999999997,4.459999999999999,0.4755999999999999,0.4838,0.8200000000000001,1.0,0.8222000000000002,0.32,1.44,1.72,3.3199999999999994,0.54,0.04,1.26,1.2200000000000002,6.279999999999999,2170465.0
Bismack Biyombo,47,15-16,C,21.0,TOR,73.2,31.6,21.139999999999997,1.72,3.4,0.5222,0.0,0.0,0.0,1.72,3.4,0.5226,0.5222,1.1800000000000002,2.16,0.5464,2.06,4.4,6.459999999999999,0.32,0.26,1.56,0.8600000000000001,2.2399999999999998,4.64,2814000.0
Blake Griffin,171,15-16,PF,24.0,LAC,65.6,65.6,34.61999999999999,8.379999999999999,16.04,0.5231999999999999,0.12,0.42000000000000004,0.26200000000000007,8.260000000000002,15.62,0.5298,0.5268,4.36,6.540000000000001,0.6702,2.28,6.660000000000001,8.94,4.2,0.9800000000000001,0.5800000000000001,2.4199999999999995,3.0199999999999996,21.220000000000002,18907726.0
Boris Diaw,116,15-16,PF,31.0,SAS,73.6,19.6,23.1,3.0400000000000005,6.14,0.49820000000000003,0.5,1.4200000000000002,0.3564,2.54,4.7,0.5416000000000001,0.5389999999999999,0.7,0.96,0.7203999999999999,0.96,3.0,3.96,2.8,0.5199999999999999,0.36,1.5,1.8,7.279999999999999,7500000.0
Brandan Wright,468,15-16,PF,26.0,MEM,51.6,5.0,17.939999999999998,3.3199999999999994,5.180000000000001,0.6414,0.0,0.0,0.0,3.3199999999999994,5.16,0.6437999999999999,0.6414,1.08,1.7,0.6426,1.46,2.4800000000000004,3.960000000000001,0.48,0.5,1.2,0.5599999999999999,1.4400000000000002,7.739999999999999,5464000.0
Brandon Bass,37,15-16,PF,28.0,LAL,74.0,44.8,26.139999999999997,3.9400000000000004,7.980000000000001,0.5008,0.02,0.1,0.15350000000000003,3.9200000000000004,7.88,0.5040000000000001,0.5022,2.06,2.4800000000000004,0.8326,1.7,3.6,5.26,1.08,0.5,0.76,0.9800000000000001,2.1,10.02,3000000.0
Brandon Jennings,226,15-16,PG,24.0,TOT,63.0,54.6,30.46,5.239999999999999,13.260000000000002,0.3918,1.8200000000000003,5.140000000000001,0.3466,3.5,8.120000000000001,0.422,0.46159999999999995,2.58,3.2399999999999998,0.7895999999999999,0.5800000000000001,2.2,2.82,5.9399999999999995,1.2399999999999998,0.13999999999999999,2.16,1.6799999999999997,14.88,8344497.0
Brandon Knight,251,15-16,SG,22.0,PHO,65.6,63.0,33.08,5.82,13.98,0.4162,1.8,5.04,0.3606,4.0200000000000005,8.959999999999999,0.4464,0.4812,2.6999999999999997,3.3200000000000003,0.804,0.5800000000000001,2.96,3.56,4.6000000000000005,1.02,0.22000000000000003,2.86,2.12,16.119999999999997,13500000.0
Brandon Rush,384,15-16,SG,28.0,GSW,42.0,5.2,14.559999999999999,1.8399999999999999,3.8600000000000003,0.4264,0.58,1.72,0.26339999999999997,1.2600000000000002,2.12,0.49400000000000005,0.4958,0.52,0.72,0.6316,0.2,1.6400000000000001,1.86,0.8400000000000001,0.22000000000000003,0.36,0.76,1.1800000000000002,4.8,1270964.0
Brook Lopez,270,15-16,C,25.0,BRK,48.2,42.6,30.380000000000003,7.6,14.64,0.5204000000000001,0.0,0.08,0.060750000000000005,7.6,14.580000000000002,0.5227999999999999,0.5206,4.18,5.5600000000000005,0.7602,2.4999999999999996,3.88,6.340000000000001,1.1400000000000001,0.5,1.6400000000000001,1.6800000000000002,2.52,19.42,
C.J. Miles,301,15-16,SF,26.0,IND,61.2,25.0,21.98,3.8599999999999994,9.48,0.4076000000000001,1.7400000000000002,4.84,0.35919999999999996,2.1,4.640000000000001,0.45600000000000007,0.49940000000000007,1.6,1.94,0.8146000000000001,0.4,2.1399999999999997,2.52,1.06,0.8400000000000001,0.36,1.0,2.0799999999999996,11.100000000000001,
C.J. Watson,448,15-16,PG,29.0,ORL,56.4,12.2,21.279999999999998,2.5199999999999996,6.279999999999999,0.4,0.9800000000000001,2.62,0.37239999999999995,1.52,3.6799999999999997,0.4196,0.47759999999999997,1.4200000000000002,1.7399999999999998,0.8140000000000001,0.36,1.7,2.08,2.82,0.8600000000000001,0.18,1.3,1.6,7.4799999999999995,5000000.0
Carl Landry,255,15-16,PF,30.0,PHI,49.2,7.6,18.659999999999997,3.34,6.34,0.5262,0.04,0.1,0.265,3.3,6.28,0.5282,0.5288,2.18,2.68,0.7992,1.5399999999999998,2.88,4.46,0.66,0.28,0.26,0.9800000000000001,2.04,8.9,6500000.0
Carmelo Anthony,21,15-16,SF,29.0,NYK,62.2,62.2,36.12,8.9,20.1,0.4418,1.7399999999999998,4.82,0.3592,7.139999999999999,15.26,0.46720000000000006,0.4848,5.4,6.5600000000000005,0.8216000000000001,1.7399999999999998,5.3999999999999995,7.119999999999999,3.3200000000000003,1.0,0.5,2.4799999999999995,2.7,24.940000000000005,22875000.0
Caron Butler,71,15-16,SF,33.0,SAC,58.4,35.2,22.06,3.18,7.719999999999999,0.4112,1.24,3.3200000000000003,0.3372,1.9600000000000002,4.4,0.4524,0.48599999999999993,0.96,1.1400000000000001,0.8441999999999998,0.44000000000000006,2.44,2.9,1.06,0.68,0.13999999999999999,0.8,1.7,8.5,1449187.0
Chandler Parsons,345,15-16,SF,25.0,DAL,68.0,64.8,33.019999999999996,5.4399999999999995,11.539999999999997,0.47280000000000005,1.7,4.42,0.37720000000000004,3.7600000000000002,7.12,0.5309999999999999,0.5448000000000001,1.6,2.26,0.6852,0.96,4.0600000000000005,5.040000000000001,2.96,1.04,0.38,1.6400000000000001,2.1,14.2,15361500.0
Charlie Villanueva,439,15-16,PF,29.0,DAL,45.6,1.0,11.979999999999999,2.2600000000000002,5.86,0.38760000000000006,1.06,3.28,0.31579999999999997,1.22,2.6,0.4822,0.47620000000000007,0.4,0.5599999999999999,0.6934000000000001,0.5199999999999999,2.2399999999999998,2.7399999999999998,0.45999999999999996,0.32,0.36,0.48,1.2400000000000002,5.959999999999999,
Chase Budinger,67,15-16,SF,25.0,TOT,51.0,4.8,19.22,2.7,6.4,0.4236,0.9600000000000002,2.72,0.34320000000000006,1.7399999999999998,3.6800000000000006,0.47759999999999997,0.49559999999999993,0.9400000000000001,1.2,0.7754000000000001,0.6199999999999999,2.32,2.9200000000000004,1.04,0.5599999999999999,0.14,0.78,1.1600000000000001,7.32,206192.0
Chris Andersen,13,15-16,C,35.0,TOT,46.6,7.2,16.66,1.8800000000000001,3.2600000000000002,0.575,0.04,0.19999999999999998,0.37775000000000003,1.8,3.06,0.5934000000000001,0.585,1.4,2.06,0.6716,1.4600000000000002,3.0599999999999996,4.5200000000000005,0.4000000000000001,0.48,1.0399999999999998,0.5599999999999999,1.72,5.2,5000000.0
Chris Bosh,58,15-16,PF,29.0,MIA,61.4,61.4,33.86,6.859999999999999,14.0,0.49300000000000005,0.86,2.48,0.3298,5.98,11.5,0.5229999999999999,0.5234000000000001,3.6399999999999997,4.56,0.8012,1.3,5.84,7.140000000000001,1.8399999999999999,0.8800000000000001,0.8800000000000001,1.8200000000000003,2.0799999999999996,18.2,22192730.0
Chris Johnson,229,15-16,SF,25.0,UTA,39.2,0.8,13.2,1.5000000000000002,3.5,0.4598,0.5,1.5799999999999998,0.30233333333333334,1.04,1.92,0.5322,0.5122,0.6399999999999999,0.82,0.7904,0.56,1.4,1.94,0.4600000000000001,0.5,0.36,0.54,1.46,4.159999999999999,981348.0
Chris Kaman,243,15-16,C,31.0,POR,48.4,22.6,18.94,4.0,8.2,0.48840000000000006,0.02,0.08,0.08333333333333333,3.9799999999999995,8.120000000000001,0.49380000000000007,0.4908,1.06,1.38,0.8088,1.44,4.040000000000001,5.4399999999999995,1.2,0.3,0.8399999999999999,1.64,1.9199999999999995,9.08,5016000.0
Chris Paul,348,15-16,PG,28.0,LAC,69.6,69.6,34.46,6.68,14.079999999999998,0.4746,1.4,3.8,0.3672,5.28,10.280000000000001,0.5142,0.5242000000000001,4.14,4.7,0.8793999999999998,0.64,3.46,4.08,9.94,2.2800000000000002,0.13999999999999999,2.32,2.3600000000000003,18.88,21468695.0
Chuck Hayes,188,15-16,C,30.0,HOU,44.0,2.2,13.74,0.9400000000000001,2.08,0.45599999999999996,0.0,0.0,0.0,0.9400000000000001,2.08,0.4582,0.45599999999999996,0.48,0.6199999999999999,0.7273999999999999,0.9,2.5799999999999996,3.5,1.0399999999999998,0.39999999999999997,0.16,0.76,1.9,2.3600000000000003,
Cody Zeller,475,15-16,C,21.6,CHO,76.2,22.8,20.04,2.46,5.339999999999999,0.45359999999999995,0.0,0.02,0.22000000000000003,2.46,5.3,0.45600000000000007,0.454,1.9600000000000002,2.6000000000000005,0.7436,1.5400000000000003,3.46,4.98,1.1800000000000002,0.5599999999999999,0.64,1.0399999999999998,2.32,6.859999999999999,4204200.0
Cole Aldrich,6,15-16,C,25.0,LAC,47.6,4.6,10.360000000000001,1.42,2.68,0.5378000000000001,0.0,0.0,,1.42,2.68,0.5378000000000001,0.5378000000000001,0.6399999999999999,0.7999999999999999,0.7782,1.02,2.5200000000000005,3.5200000000000005,0.52,0.4,0.8,0.6599999999999999,1.46,3.4799999999999995,
Corey Brewer,61,15-16,SF,27.0,HOU,76.8,25.8,24.979999999999997,3.939999999999999,9.08,0.43,0.78,2.8199999999999994,0.2752,3.1399999999999997,6.24,0.4992,0.4734,1.7399999999999998,2.4200000000000004,0.7186,0.74,2.08,2.82,1.64,1.38,0.28,1.2000000000000002,2.12,10.4,8229375.0
Cory Joseph,242,15-16,SG,22.0,TOR,56.8,9.4,16.160000000000004,2.0600000000000005,4.539999999999999,0.43920000000000003,0.22000000000000003,0.78,0.2878,1.8399999999999999,3.78,0.4702,0.46259999999999996,1.04,1.3599999999999999,0.765,0.44000000000000006,1.44,1.8800000000000001,2.0599999999999996,0.52,0.18,0.78,1.12,5.36,7000000.0
Courtney Lee,260,15-16,SG,28.0,TOT,74.2,50.2,28.060000000000002,3.72,8.22,0.4558,1.06,2.7600000000000002,0.38480000000000003,2.6399999999999997,5.42,0.4904,0.5204000000000001,1.2,1.4,0.8539999999999999,0.38,2.1,2.4800000000000004,1.7,1.04,0.34,1.0,1.72,9.7,5675000.0
D.J. Augustin,27,15-16,PG,26.0,TOT,67.8,14.8,23.14,2.9799999999999995,7.5200000000000005,0.3926,1.24,3.3200000000000003,0.3674,1.7399999999999998,4.2,0.4090000000000001,0.4786,2.0,2.32,0.8542,0.26,1.48,1.7600000000000002,4.1,0.6199999999999999,0.02,1.64,1.3599999999999999,9.180000000000001,
Danny Green,165,15-16,SG,26.0,SAS,74.8,67.2,25.9,3.3600000000000003,7.82,0.42680000000000007,1.9,4.68,0.406,1.46,3.16,0.4606,0.5476,0.9,1.1199999999999999,0.8089999999999999,0.6,3.0,3.6,1.6800000000000002,1.06,0.8400000000000001,1.06,1.72,9.52,10000000.0
Dante Cunningham,102,15-16,SF,26.0,NOP,74.2,18.8,22.5,2.7399999999999998,5.88,0.47119999999999995,0.13999999999999999,0.5200000000000001,0.08320000000000001,2.6,5.36,0.49559999999999993,0.485,0.6200000000000001,0.9800000000000001,0.6362,1.28,2.68,3.9800000000000004,0.8399999999999999,0.76,0.54,0.54,1.78,6.3,2850000.0
Darren Collison,91,15-16,PG,26.0,SAC,68.0,39.6,30.259999999999998,4.6,9.8,0.4673999999999999,0.9199999999999999,2.44,0.37299999999999994,3.6799999999999997,7.4,0.49779999999999996,0.5126000000000001,2.66,3.2,0.8426,0.45999999999999996,2.28,2.74,4.699999999999999,1.1400000000000001,0.18000000000000002,2.0,1.86,12.78,5013559.0
David Lee,261,15-16,PF,30.0,TOT,61.8,42.4,28.4,5.92,11.52,0.5174000000000001,0.0,0.04,0.0,5.92,11.459999999999999,0.5193999999999999,0.5174000000000001,2.6,3.4200000000000004,0.7552000000000001,2.38,5.82,8.16,2.3200000000000003,0.6799999999999999,0.42000000000000004,1.92,2.6,14.5,2085671.0
David West,451,15-16,PF,33.0,SAS,72.6,60.8,28.04,5.180000000000001,10.48,0.49779999999999996,0.06000000000000001,0.20000000000000004,0.2658,5.140000000000001,10.34,0.502,0.5001999999999999,2.1199999999999997,2.7,0.7782000000000001,1.56,4.8,6.38,2.6,0.7799999999999999,0.7799999999999999,1.6,2.18,12.540000000000001,1499187.0
DeAndre Jordan,241,15-16,C,25.0,LAC,77.8,77.8,30.959999999999997,4.0600000000000005,6.06,0.6727999999999998,0.0,0.0,0.08333333333333333,4.0600000000000005,6.06,0.6739999999999999,0.6729999999999999,2.02,4.68,0.4332,3.6,7.960000000000001,11.580000000000002,0.6799999999999999,0.76,2.08,1.3,2.82,10.16,
DeJuan Blair,50,15-16,C,24.0,WAS,52.2,18.2,12.919999999999998,2.2199999999999998,4.32,0.492,0.0,0.0,0.0,2.2199999999999998,4.32,0.4944,0.492,0.62,1.04,0.5860000000000001,1.3199999999999998,2.2800000000000002,3.5799999999999996,0.6599999999999999,0.5599999999999999,0.16,0.82,2.02,5.0600000000000005,2000000.0
DeMar DeRozan,115,15-16,SG,24.0,TOR,72.4,72.4,36.160000000000004,7.0,16.259999999999998,0.43100000000000005,0.52,1.8,0.2942,6.5,14.5,0.4476,0.44699999999999995,5.66,6.82,0.8294,0.66,3.46,4.119999999999999,3.2,1.0,0.3,2.1,2.26,20.220000000000002,10050000.0
DeMarcus Cousins,97,15-16,C,23.0,SAC,66.8,66.2,32.42,7.860000000000001,16.96,0.4654000000000001,0.24000000000000005,0.78,0.18159999999999998,7.660000000000001,16.160000000000004,0.473,0.47140000000000004,5.779999999999999,7.839999999999999,0.7332,3.1399999999999997,8.2,11.36,2.82,1.5,1.26,3.46,3.8200000000000003,21.78,15851950.0
DeMarre Carroll,79,15-16,SF,27.0,TOR,51.8,37.0,24.979999999999997,3.34,7.5600000000000005,0.44320000000000004,1.0799999999999998,2.88,0.3602,2.28,4.66,0.48600000000000004,0.5065999999999999,1.2399999999999998,1.72,0.7430000000000001,1.3199999999999998,2.8,4.1,1.24,1.1800000000000002,0.22000000000000003,0.8600000000000001,2.1,9.040000000000001,13600000.0
Deron Williams,458,15-16,PG,29.0,DAL,66.0,61.8,33.67999999999999,5.540000000000001,13.260000000000002,0.4196,1.72,4.779999999999999,0.3582,3.84,8.5,0.4554,0.48419999999999996,3.46,4.0600000000000005,0.8412000000000001,0.33999999999999997,2.7199999999999998,3.06,6.9799999999999995,1.1,0.3,2.7199999999999998,2.34,16.26,5378974.0
Derrick Favors,138,15-16,PF,22.0,UTA,70.2,44.6,27.48,5.1,9.98,0.5086,0.0,0.06000000000000001,0.041749999999999995,5.1,9.919999999999998,0.5108,0.5088,2.54,3.78,0.6768000000000001,2.56,5.159999999999999,7.719999999999999,1.1800000000000002,0.9,1.48,1.6800000000000002,2.7599999999999993,12.780000000000001,
Derrick Williams,459,15-16,SF,22.0,NYK,75.2,20.2,21.419999999999998,3.22,7.5,0.4332,0.6,1.98,0.294,2.6399999999999997,5.5200000000000005,0.48339999999999994,0.472,2.2399999999999998,3.12,0.7126,0.9,3.2600000000000002,4.14,0.7,0.52,0.3,1.02,1.2600000000000002,9.280000000000001,4000000.0
Devin Harris,181,15-16,PG,30.0,DAL,60.2,20.0,22.96,3.0,7.0600000000000005,0.42519999999999997,1.08,3.18,0.33799999999999997,1.92,3.9,0.497,0.501,2.0,2.6400000000000006,0.7618,0.2,1.78,1.98,3.56,0.9399999999999998,0.18,1.4,1.92,9.1,4053446.0
Dirk Nowitzki,332,15-16,PF,35.0,DAL,69.4,68.2,31.76,6.9799999999999995,14.98,0.4664,1.44,3.7399999999999998,0.3856,5.58,11.279999999999998,0.49379999999999996,0.5144,3.8,4.3,0.8859999999999999,0.64,5.819999999999999,6.42,2.22,0.7,0.5800000000000001,1.3800000000000001,2.04,19.24,8333334.0
Donald Sloan,398,15-16,PG,26.0,BRK,43.6,13.2,16.48,1.9400000000000002,4.84,0.39380000000000004,0.4,1.3199999999999998,0.2766,1.56,3.54,0.4326,0.43479999999999996,0.86,1.12,0.7392000000000001,0.24,1.7,1.9200000000000004,2.78,0.34,0.04,1.02,0.8600000000000001,5.14,
Drew Gooden,157,15-16,PF,32.0,WAS,35.0,10.6,16.139999999999997,2.64,6.16,0.403,0.28,0.9399999999999998,0.2928,2.34,5.28,0.4314,0.42700000000000005,1.1800000000000002,1.46,0.7677999999999999,1.42,2.7399999999999998,4.16,1.02,0.45999999999999996,0.38000000000000006,0.8400000000000001,1.7600000000000002,6.6800000000000015,3300000.0
Dwight Howard,208,15-16,C,28.0,HOU,62.6,62.6,33.94,6.38,10.84,0.591,0.0,0.08,0.19060000000000002,6.359999999999999,10.76,0.5948,0.5919999999999999,4.319999999999999,8.48,0.5094000000000001,3.28,9.0,12.28,1.5399999999999998,1.02,1.8399999999999999,2.9,3.3,17.1,22359364.0
Dwyane Wade,443,15-16,SG,32.0,MIA,61.6,61.2,32.61999999999999,7.9799999999999995,16.1,0.49779999999999996,0.26,0.9800000000000001,0.25,7.719999999999999,15.1,0.5128,0.5054000000000001,4.36,5.720000000000001,0.762,1.16,3.2,4.380000000000001,4.76,1.48,0.7,2.8999999999999995,1.9,20.560000000000002,20000000.0
E'Twaun Moore,311,15-16,SG,24.0,CHI,61.4,9.2,16.12,2.2199999999999998,5.18,0.42639999999999995,0.6,1.6599999999999997,0.37320000000000003,1.6,3.4800000000000004,0.45,0.4864,0.42000000000000004,0.5800000000000001,0.7582000000000001,0.32,1.26,1.58,1.4600000000000002,0.5599999999999999,0.20000000000000004,0.78,1.2600000000000002,5.4399999999999995,1015421.0
Ed Davis,108,15-16,PF,24.0,POR,74.0,13.0,20.520000000000003,2.88,5.160000000000001,0.5596,0.0,0.0,0.0,2.88,5.160000000000001,0.56,0.5596,1.14,2.0,0.5721999999999999,2.2199999999999998,4.08,6.279999999999999,0.8800000000000001,0.5399999999999999,0.96,0.78,2.34,6.9,6980802.0
Elton Brand,60,15-16,C,34.0,PHI,51.6,19.6,19.24,2.6799999999999997,5.52,0.4757999999999999,0.0,0.02,0.0,2.6799999999999997,5.52,0.479,0.4757999999999999,0.78,1.1199999999999999,0.7006,1.36,3.54,4.92,1.06,0.64,1.06,0.76,2.32,6.14,
Enes Kanter,245,15-16,C,21.0,OKC,74.6,22.8,20.96,4.26,8.180000000000001,0.5252000000000001,0.06000000000000001,0.18,0.3664,4.2,8.0,0.5278,0.5286,1.8199999999999998,2.42,0.7542,2.6,4.02,6.6,0.5,0.38,0.42000000000000004,1.46,2.08,10.46,
Eric Bledsoe,52,15-16,PG,24.0,PHO,54.2,33.0,26.740000000000002,4.74,10.48,0.44220000000000004,0.8800000000000001,2.54,0.33,3.8600000000000003,7.959999999999999,0.4782,0.4797999999999999,3.0599999999999996,3.8600000000000003,0.7602,0.74,2.9799999999999995,3.7,4.5,1.48,0.52,2.6399999999999997,2.0,13.379999999999999,13500000.0
Eric Gordon,160,15-16,SG,25.0,NOP,44.2,43.4,32.519999999999996,5.6,13.2,0.4234,1.7600000000000002,4.839999999999999,0.35940000000000005,3.8400000000000007,8.3,0.4518,0.49339999999999995,3.38,4.2,0.8148,0.31999999999999995,2.0799999999999996,2.4,3.3,1.1,0.25999999999999995,2.2399999999999998,2.0799999999999996,16.32,15514031.0
Ersan İlyasova,215,15-16,PF,26.0,TOT,64.0,46.8,26.04,4.5200000000000005,10.0,0.4518,1.1,2.8,0.3882,3.4599999999999995,7.2,0.47779999999999995,0.5064000000000001,1.7399999999999998,2.32,0.7532,2.1199999999999997,4.359999999999999,6.459999999999999,1.2000000000000002,0.7399999999999999,0.39999999999999997,1.04,2.4200000000000004,11.86,
Evan Turner,432,15-16,SG,25.0,BOS,78.2,45.4,29.52,4.58,10.58,0.43500000000000005,0.42000000000000004,1.4200000000000002,0.28559999999999997,4.159999999999999,9.16,0.4556,0.4542,1.7399999999999998,2.2600000000000002,0.7616000000000002,0.6,4.839999999999999,5.42,4.040000000000001,0.86,0.22000000000000003,2.1399999999999997,2.1000000000000005,11.34,3425510.0
Gary Neal,324,15-16,SG,29.0,WAS,54.0,6.0,21.4,3.6799999999999997,8.8,0.4194,1.2,3.2399999999999998,0.3734,2.4800000000000004,5.540000000000001,0.44559999999999994,0.48840000000000006,1.4000000000000001,1.6199999999999999,0.8526,0.24,1.8400000000000003,2.08,1.7399999999999998,0.42000000000000004,0.0,1.0399999999999998,1.4,9.959999999999999,2139000.0
George Hill,196,15-16,PG,27.0,IND,63.8,54.0,31.119999999999997,4.4799999999999995,9.92,0.449,1.48,3.9199999999999995,0.37320000000000003,3.0,5.9799999999999995,0.49800000000000005,0.5237999999999999,2.0200000000000005,2.54,0.7904000000000001,0.6599999999999999,3.06,3.7199999999999998,3.94,1.0,0.28,1.34,2.1,12.46,8000000.0
Gerald Green,168,15-16,SG,28.0,MIA,63.2,15.0,22.740000000000002,4.159999999999999,9.74,0.42000000000000004,1.6,4.36,0.3564,2.5599999999999996,5.34,0.4704,0.49940000000000007,1.44,1.78,0.8019999999999999,0.48,2.34,2.8400000000000003,1.08,0.6599999999999999,0.38,1.3199999999999998,2.04,11.3,947276.0
Gerald Henderson,190,15-16,SG,26.0,POR,70.4,52.4,29.1,4.92,11.14,0.44300000000000006,0.5,1.5,0.31920000000000004,4.46,9.680000000000001,0.4614,0.46699999999999997,2.72,3.4,0.792,0.6599999999999999,2.98,3.62,2.22,0.74,0.38,1.44,1.9,13.079999999999998,6000000.0
Goran Dragić,120,15-16,PG,27.0,MIA,73.8,66.0,32.339999999999996,5.779999999999999,12.06,0.4776000000000001,1.1600000000000001,3.34,0.34459999999999996,4.64,8.680000000000001,0.5292000000000001,0.5258,2.7399999999999998,3.5799999999999996,0.7628000000000001,0.86,2.38,3.22,5.78,1.26,0.24,2.56,2.62,15.420000000000002,
Gordon Hayward,189,15-16,SF,23.0,UTA,74.2,63.6,33.339999999999996,5.42,12.46,0.4364,1.34,3.7599999999999993,0.3556,4.08,8.7,0.4702,0.4902,4.02,4.92,0.8221999999999999,0.78,3.54,4.32,3.8200000000000003,1.1199999999999999,0.45999999999999996,2.28,1.86,16.22,15409570.0
Greg Monroe,309,15-16,C,23.0,MIL,75.4,70.6,31.560000000000002,6.18,12.320000000000002,0.5044000000000001,0.0,0.0,0.0,6.18,12.3,0.5050000000000001,0.5044000000000001,3.16,4.44,0.7150000000000001,3.1399999999999997,6.36,9.52,2.46,1.1400000000000001,0.6599999999999999,2.22,2.34,15.560000000000002,16407500.0
Greg Smith,400,15-16,PF,23.0,MIN,29.8,2.4,10.58,1.3199999999999998,2.16,0.6148,0.0,0.0,0.0,1.3199999999999998,2.16,0.6154,0.6148,0.45999999999999996,0.8399999999999999,0.48700000000000004,0.9,1.8800000000000001,2.76,0.2,0.22000000000000003,0.36000000000000004,0.38,1.8,3.12,
Greivis Vásquez,437,15-16,PG,27.0,MIL,65.6,31.2,25.4,3.6199999999999997,8.8,0.40360000000000007,1.12,3.2599999999999993,0.33280000000000004,2.54,5.58,0.4474,0.46799999999999997,1.1800000000000002,1.42,0.8220000000000001,0.33999999999999997,2.44,2.7399999999999998,5.24,0.62,0.08,2.04,2.02,9.52,
Ian Mahinmi,276,15-16,C,27.0,IND,70.0,18.4,19.160000000000004,2.1599999999999997,4.06,0.5241999999999999,0.0,0.0,0.0,2.1599999999999997,4.04,0.526,0.5241999999999999,1.2799999999999998,2.2600000000000002,0.5518000000000001,1.6400000000000001,3.3400000000000007,4.959999999999999,0.5599999999999999,0.6,0.8200000000000001,1.04,2.8000000000000003,5.58,4000000.0
Iman Shumpert,394,15-16,SG,23.0,CLE,58.8,33.6,25.360000000000003,2.7399999999999998,6.9799999999999995,0.3918,0.96,2.9,0.3356,1.7599999999999998,4.1,0.43099999999999994,0.46340000000000003,0.8799999999999999,1.1400000000000001,0.7532,0.8,2.74,3.56,2.0200000000000005,1.24,0.24,1.28,2.46,7.359999999999999,8988765.0
Isaiah Thomas,421,15-16,PG,24.0,BOS,73.0,46.6,29.02,5.5200000000000005,12.66,0.4378,1.7,4.7,0.36360000000000003,3.8600000000000003,7.999999999999998,0.48100000000000004,0.5058,4.14,4.78,0.8606,0.5800000000000001,2.0,2.5599999999999996,4.959999999999999,0.9799999999999999,0.08,2.24,2.16,16.86,6912869.0
Ish Smith,401,15-16,PG,25.0,TOT,56.0,14.4,15.5,2.36,5.9,0.39180000000000004,0.26,0.8799999999999999,0.26020000000000004,2.08,5.0,0.409,0.4114,0.58,0.8800000000000001,0.5963999999999998,0.36,1.6600000000000001,2.02,3.1399999999999997,0.7,0.18,1.16,0.9199999999999999,5.52,
J.J. Barea,32,15-16,PG,29.0,DAL,69.0,8.0,21.42,3.7599999999999993,9.059999999999999,0.41400000000000003,1.1199999999999999,3.1799999999999997,0.3482,2.6399999999999997,5.8999999999999995,0.4486,0.4746,1.2600000000000002,1.6,0.7859999999999999,0.33999999999999997,1.9,2.2600000000000002,4.2,0.4,0.0,1.7,1.56,9.879999999999999,4290000.0
J.J. Hickson,194,15-16,C,25.0,TOT,62.2,33.6,22.14,3.7399999999999998,7.359999999999999,0.5056,0.0,0.02,0.0,3.7399999999999998,7.32,0.5084,0.5056,1.8,3.1599999999999997,0.5723999999999999,2.4,4.74,7.160000000000001,0.96,0.56,0.56,1.4,1.8800000000000001,9.28,
J.J. Redick,369,15-16,SG,29.0,LAC,66.2,44.4,28.959999999999997,5.04,11.080000000000002,0.4542,2.2399999999999998,5.340000000000001,0.4182,2.8400000000000003,5.76,0.48840000000000006,0.5542,2.38,2.62,0.9030000000000001,0.24,1.9,2.12,2.34,0.56,0.1,1.24,1.6600000000000001,14.720000000000002,
J.R. Smith,402,15-16,SG,28.0,CLE,67.2,33.2,30.839999999999996,5.16,12.38,0.4151999999999999,2.2600000000000002,6.04,0.376,2.88,6.360000000000001,0.45120000000000005,0.5096,1.3399999999999999,1.8599999999999999,0.7014,0.6199999999999999,3.22,3.8199999999999994,2.52,1.2,0.27999999999999997,1.34,2.56,13.919999999999998,
JaVale McGee,293,15-16,C,26.0,DAL,40.4,10.4,16.22,3.2600000000000002,6.119999999999999,0.537,0.0,0.0,0.5,3.2600000000000002,6.119999999999999,0.5376000000000001,0.5372,0.8799999999999999,1.56,0.6437999999999999,1.8200000000000003,2.7199999999999998,4.5200000000000005,0.28,0.27999999999999997,1.46,1.1,2.1799999999999997,7.419999999999999,
Jamal Crawford,100,15-16,SG,33.0,LAC,69.6,7.8,28.0,5.34,13.080000000000002,0.40759999999999996,1.8,5.220000000000001,0.3424,3.54,7.859999999999999,0.45020000000000004,0.4756,3.3199999999999994,3.7399999999999998,0.8938,0.34,1.64,1.94,2.7399999999999998,0.8800000000000001,0.2,1.72,1.4000000000000001,15.819999999999999,5675000.0
Jameer Nelson,325,15-16,PG,31.0,DEN,56.6,45.0,29.22,4.1,10.28,0.3976,1.64,4.8,0.34199999999999997,2.44,5.5,0.4478,0.4774,1.08,1.28,0.8122000000000001,0.45999999999999996,2.66,3.1,5.8,0.82,0.1,2.2,2.4200000000000004,10.94,4345000.0
James Harden,177,15-16,SG,24.0,HOU,75.2,63.2,36.519999999999996,7.340000000000001,16.3,0.4528,2.4,6.4799999999999995,0.37160000000000004,4.92,9.84,0.509,0.5276,7.82,9.14,0.8581999999999999,0.76,4.32,5.1,6.0200000000000005,1.5999999999999999,0.48,3.6399999999999997,2.5000000000000004,24.9,15756438.0
James Johnson,230,15-16,PF,26.0,TOR,59.0,20.8,19.14,2.84,5.9,0.4782,0.26,1.0,0.23679999999999998,2.54,4.9399999999999995,0.5274,0.501,1.04,1.5,0.6752,0.9399999999999998,2.3600000000000003,3.3,1.5599999999999998,0.8,1.0,1.2399999999999998,2.08,6.9,2500000.0
James Jones,238,15-16,SF,33.0,CLE,42.8,3.6,10.399999999999999,1.1599999999999997,2.88,0.3912,0.9400000000000001,2.3200000000000003,0.39580000000000004,0.22000000000000003,0.5800000000000001,0.403,0.5496,0.42000000000000004,0.52,0.725,0.12,0.8600000000000001,0.9800000000000001,0.38,0.2,0.18,0.2,0.76,3.6400000000000006,
James Young,471,15-16,SG,19.2,BOS,30.6,0.0,9.940000000000001,1.04,2.88,0.3436,0.44000000000000006,1.8599999999999999,0.2526,0.52,1.02,0.5224,0.4266,0.4,0.74,0.49160000000000004,0.26,1.0399999999999998,1.3,0.38,0.28,0.08,0.2,0.6799999999999999,2.9200000000000004,1749840.0
Jared Dudley,122,15-16,PF,28.0,WAS,74.2,43.2,26.339999999999996,3.4199999999999995,7.26,0.4673999999999999,1.1600000000000001,3.04,0.38780000000000003,2.2199999999999998,4.2,0.5288,0.552,1.1,1.5,0.7255999999999999,0.86,2.46,3.3,1.92,0.8400000000000001,0.18,1.02,1.8199999999999998,9.12,4375000.0
Jarrett Jack,219,15-16,PG,30.0,BRK,63.2,26.6,30.4,4.659999999999999,10.78,0.42960000000000004,0.8400000000000001,2.48,0.33279999999999993,3.8200000000000003,8.319999999999999,0.4572,0.46820000000000006,2.44,2.8,0.8656,0.32,3.1000000000000005,3.44,5.620000000000001,0.8400000000000001,0.2,2.2800000000000002,1.9400000000000002,12.559999999999999,6300000.0
Jason Smith,403,15-16,C,27.0,ORL,56.0,17.8,21.0,3.66,7.659999999999999,0.4788,0.06000000000000001,0.2,0.1795,3.6399999999999997,7.460000000000001,0.48500000000000004,0.48260000000000003,1.2,1.52,0.7922,1.3199999999999998,2.94,4.24,1.0,0.4,0.8399999999999999,1.02,2.5599999999999996,8.599999999999998,4300000.0
Jason Terry,420,15-16,SG,36.0,HOU,65.2,10.0,22.740000000000002,3.0799999999999996,7.340000000000001,0.41,1.56,4.140000000000001,0.375,1.52,3.2,0.4608,0.524,0.8399999999999999,1.0,0.8102,0.2,1.42,1.6400000000000001,2.2,0.8,0.12000000000000002,1.16,1.3399999999999999,8.52,
Jason Thompson,424,15-16,C,27.0,TOT,71.2,51.8,22.580000000000002,3.0,5.92,0.49879999999999997,0.02,0.06,0.08325,2.9799999999999995,5.840000000000001,0.5046,0.5035999999999999,1.2600000000000002,2.0,0.6402,1.8,4.1,5.88,0.8800000000000001,0.4800000000000001,0.64,0.9600000000000002,2.5800000000000005,7.26,245177.0
Jeff Ayres,28,15-16,C,26.0,LAC,39.6,2.2,8.419999999999998,1.12,2.18,0.5164,0.02,0.04,0.25,1.12,2.1399999999999997,0.521,0.518,0.44000000000000006,0.58,0.785,0.7,1.6199999999999999,2.3199999999999994,0.39999999999999997,0.16,0.22000000000000003,0.5,1.26,2.6799999999999997,111444.0
Jeff Teague,417,15-16,PG,25.0,ATL,75.4,74.6,31.439999999999998,5.4399999999999995,12.059999999999999,0.45280000000000004,1.04,2.9,0.3546,4.4,9.120000000000001,0.483,0.4958,3.1399999999999997,3.7400000000000007,0.8366,0.36000000000000004,2.12,2.5000000000000004,6.340000000000001,1.42,0.38,2.68,2.1,15.059999999999999,8000000.0
Jeff Withey,465,15-16,C,23.6,UTA,52.4,4.4,11.059999999999999,1.24,2.3,0.5284000000000001,0.0,0.0,0.0,1.24,2.28,0.5322000000000001,0.5284000000000001,0.8800000000000001,1.2999999999999998,0.7090000000000002,0.82,1.7,2.5799999999999996,0.38,0.28,0.8400000000000001,0.34,1.22,3.3600000000000003,
Jeremy Evans,133,15-16,SF,26.0,DAL,40.0,1.2,9.4,1.2000000000000002,2.1399999999999997,0.5756,0.04,0.12,0.13,1.1600000000000001,2.02,0.6142,0.5871999999999999,0.5599999999999999,0.82,0.6716,0.8600000000000001,1.5,2.34,0.36000000000000004,0.3,0.5,0.26,1.02,2.9999999999999996,1100602.0
Jeremy Lin,267,15-16,SG,25.0,CHO,68.0,36.6,28.02,4.279999999999999,9.84,0.4338,0.9799999999999999,2.7399999999999998,0.34440000000000004,3.3600000000000003,7.12,0.46840000000000004,0.48260000000000003,3.1799999999999997,3.9200000000000004,0.8032,0.45999999999999996,2.46,2.9,4.799999999999999,1.2,0.4,2.62,2.34,12.68,2139000.0
Jerryd Bayless,39,15-16,SG,25.0,MIL,62.4,11.2,23.88,3.4,8.080000000000002,0.41879999999999995,1.1600000000000001,2.96,0.3758,2.24,5.1,0.4338,0.48900000000000005,1.58,1.8799999999999997,0.8291999999999999,0.32,2.06,2.3400000000000003,3.1800000000000006,0.8,0.15999999999999998,1.48,2.16,9.52,3000000.0
Jimmer Fredette,144,15-16,SG,24.0,TOT,47.0,1.4,11.28,1.8200000000000003,4.38,0.41159999999999997,0.68,1.7600000000000002,0.38839999999999997,1.1600000000000001,2.66,0.4184,0.4878,0.78,0.86,0.8705999999999999,0.2,0.6399999999999999,0.8200000000000001,1.16,0.34,0.02,0.82,0.8,5.1,874837.0
Jimmy Butler,72,15-16,SG,24.0,CHI,64.6,43.8,29.76,4.26,9.56,0.4370000000000001,0.72,2.2600000000000002,0.30720000000000003,3.54,7.38,0.472,0.47140000000000004,3.8,4.66,0.8012,1.3,3.0,4.26,2.48,1.32,0.44000000000000006,1.2,1.38,13.040000000000001,
Joakim Noah,328,15-16,C,28.0,CHI,61.2,55.4,31.0,3.5799999999999996,7.640000000000001,0.4584,0.0,0.02,0.0,3.5799999999999996,7.6,0.4606,0.4584,2.12,3.04,0.6656000000000001,3.5,6.619999999999999,10.12,4.08,0.86,1.42,2.02,2.8200000000000003,9.24,13400000.0
Jodie Meeks,297,15-16,SG,26.0,DET,56.8,26.0,23.619999999999997,3.38,8.22,0.40499999999999997,1.5399999999999998,4.0200000000000005,0.3832,1.86,4.16,0.4312,0.5008,1.7799999999999998,1.98,0.9129999999999999,0.33999999999999997,1.7600000000000002,2.1000000000000005,1.16,0.74,0.06000000000000001,0.76,1.2,10.079999999999998,6270000.0
Joe Johnson,231,15-16,SF,32.0,TOT,74.4,74.4,34.620000000000005,5.88,13.280000000000001,0.441,1.8599999999999999,4.82,0.38120000000000004,4.04,8.48,0.47459999999999997,0.51,1.94,2.36,0.8231999999999999,0.7,3.0,3.7,3.54,0.72,0.13999999999999999,1.7600000000000002,1.52,15.5,261894.0
Joel Anthony,22,15-16,C,31.0,DET,45.4,10.8,9.84,0.6599999999999999,1.26,0.526,0.0,0.0,,0.6599999999999999,1.26,0.526,0.526,0.36,0.52,0.6457999999999999,0.78,1.2,2.0,0.12,0.24000000000000005,0.8,0.3,1.04,1.6600000000000001,
John Wall,446,15-16,PG,23.0,WAS,70.6,69.2,35.46,6.6800000000000015,15.419999999999998,0.4332,0.76,2.46,0.268,5.880000000000001,12.959999999999999,0.45519999999999994,0.4572,4.16,5.239999999999999,0.7948000000000002,0.5800000000000001,3.8600000000000003,4.42,8.92,1.6199999999999999,0.72,3.7199999999999998,2.32,18.32,15851950.0
Jon Leuer,265,15-16,PF,24.0,PHO,50.6,9.0,12.74,2.1399999999999997,4.4799999999999995,0.481,0.26,0.68,0.28500000000000003,1.8800000000000001,3.8,0.5002000000000001,0.5035999999999999,0.64,0.9,0.6776000000000001,0.8400000000000001,2.38,3.1999999999999997,0.6,0.36,0.24000000000000005,0.6,1.38,5.18,1035000.0
Jonas Jerebko,227,15-16,PF,26.0,BOS,66.0,3.0,16.839999999999996,2.3,5.12,0.4494000000000001,0.5599999999999999,1.58,0.3612,1.7399999999999998,3.5599999999999996,0.48460000000000003,0.5086,1.04,1.3,0.7876000000000001,1.1800000000000002,2.56,3.7600000000000002,0.78,0.52,0.22000000000000003,0.78,1.8399999999999999,6.2,5000000.0
Jordan Hamilton,174,15-16,SF,23.0,NOP,30.2,4.2,14.62,2.38,5.720000000000001,0.4126,0.9,2.5,0.3702,1.4999999999999998,3.2399999999999998,0.43100000000000005,0.4997999999999999,0.48,0.74,0.58775,0.58,2.36,2.94,1.02,0.42000000000000004,0.18,0.74,1.1,6.08,
Jordan Hill,197,15-16,C,26.0,IND,56.6,21.8,19.639999999999997,3.54,7.0600000000000005,0.5016,0.0,0.08,0.0546,3.54,7.0200000000000005,0.5056,0.502,1.38,1.9799999999999998,0.6858000000000001,2.34,4.06,6.4,0.86,0.42000000000000004,0.7,1.1,2.1000000000000005,8.440000000000001,4000000.0
Josh McRoberts,296,15-16,PF,26.0,MIA,50.8,22.2,19.7,1.9,4.279999999999999,0.4532,0.52,1.48,0.3484,1.42,2.8,0.505,0.5044000000000001,0.7,0.9800000000000001,0.6896000000000001,0.9199999999999999,2.72,3.6399999999999997,2.2399999999999998,0.5199999999999999,0.36,0.9399999999999998,1.98,5.0200000000000005,
Josh Smith,404,15-16,PF,28.0,TOT,71.4,52.0,29.96,5.76,13.3,0.425,0.74,2.6,0.2854,5.02,10.66,0.46159999999999995,0.45760000000000006,1.9200000000000004,3.4599999999999995,0.5458000000000001,1.58,5.36,6.94,3.2599999999999993,1.1199999999999999,1.44,2.4,2.46,14.219999999999999,
José Calderón,75,15-16,PG,32.0,NYK,64.2,61.2,30.46,3.8,8.319999999999999,0.4556,1.58,3.6599999999999993,0.42200000000000004,2.2399999999999998,4.66,0.4782,0.5496000000000001,0.8,0.9400000000000001,0.8775999999999999,0.38000000000000006,2.44,2.8,5.880000000000001,0.8400000000000001,0.08,1.6,1.7200000000000002,9.98,
Jrue Holiday,201,15-16,PG,23.0,NOP,56.4,47.4,33.14,6.18,14.1,0.43900000000000006,1.1400000000000001,3.0999999999999996,0.37039999999999995,5.04,11.0,0.4593999999999999,0.479,1.92,2.4,0.8085999999999999,0.8,2.82,3.62,6.659999999999999,1.5599999999999998,0.39999999999999997,2.76,2.42,15.420000000000002,10595507.0
Kawhi Leonard,263,15-16,SF,22.0,SAS,64.8,59.4,29.839999999999996,5.32,10.620000000000001,0.4988,1.1,2.9,0.3842,4.2,7.720000000000001,0.5432,0.5519999999999999,2.3400000000000003,2.8000000000000003,0.8151999999999999,1.3,4.9799999999999995,6.26,1.9599999999999997,1.7600000000000002,0.72,1.2000000000000002,1.7599999999999998,14.059999999999999,16407500.0
Kemba Walker,445,15-16,PG,23.0,CHO,72.8,63.8,33.54,6.000000000000001,14.940000000000001,0.39880000000000004,1.48,4.4799999999999995,0.327,4.499999999999999,10.440000000000001,0.429,0.4484,3.6799999999999997,4.46,0.8196,0.6,3.2400000000000007,3.8200000000000003,5.3,1.4200000000000002,0.41999999999999993,2.04,1.56,17.14,12000000.0
Kendrick Perkins,353,15-16,C,29.0,NOP,62.0,42.6,20.58,1.56,3.28,0.4758,0.0,0.0,0.0,1.56,3.28,0.4768,0.4758,0.64,1.1199999999999999,0.5522,1.2999999999999998,3.8199999999999994,5.140000000000001,1.06,0.38,0.72,1.44,2.56,3.7599999999999993,
Kenneth Faried,136,15-16,PF,24.0,DEN,69.6,66.2,26.18,4.8999999999999995,8.940000000000001,0.5496,0.0,0.02,0.20833333333333334,4.8999999999999995,8.9,0.5508,0.5496,2.32,3.5800000000000005,0.6464,3.22,5.4,8.620000000000001,1.0799999999999998,0.78,0.9199999999999999,1.46,2.62,12.1,11235955.0
Kevin Durant,126,15-16,SF,25.0,OKC,65.4,65.4,37.04,9.540000000000001,18.94,0.5048000000000001,2.2199999999999998,5.6000000000000005,0.3968,7.32,13.34,0.5514,0.5633999999999999,7.040000000000001,8.000000000000002,0.8780000000000001,0.62,7.0,7.62,4.54,1.18,1.06,3.4,1.86,28.339999999999996,20158622.0
Kevin Garnett*,148,15-16,PF,37.0,MIN,53.4,53.4,23.24,4.0,8.32,0.47540000000000004,0.02,0.12000000000000002,0.1202,4.0,8.2,0.4806,0.4766,1.3800000000000001,1.7399999999999998,0.7838,0.9400000000000001,5.7,6.62,1.98,0.9,0.6599999999999999,1.2200000000000002,2.2199999999999998,9.440000000000001,
Kevin Love,272,15-16,PF,25.0,CLE,60.4,60.4,34.98,6.720000000000001,15.959999999999999,0.42200000000000004,1.9,5.540000000000001,0.3384000000000001,4.86,10.379999999999999,0.46740000000000004,0.483,5.220000000000001,6.58,0.7950000000000002,2.88,9.02,11.88,2.66,0.78,0.5,2.0800000000000005,2.1,20.56,19689000.0
Kevin Martin,281,15-16,SG,30.0,TOT,55.8,31.4,28.919999999999998,5.24,12.42,0.4184,1.72,4.44,0.3826,3.5400000000000005,7.999999999999998,0.4404,0.48819999999999997,3.7,4.14,0.8892,0.4,2.3200000000000003,2.7199999999999998,1.8799999999999997,0.7799999999999999,0.08,1.52,1.7600000000000002,15.9,200600.0
Kevin Séraphin,392,15-16,C,24.0,NYK,63.2,6.0,15.98,2.92,5.999999999999999,0.484,0.0,0.0,0.0,2.92,5.98,0.48580000000000007,0.484,0.64,0.8800000000000001,0.7535999999999999,1.18,2.4,3.5799999999999996,0.66,0.2,0.8,1.1400000000000001,2.16,6.4399999999999995,
Kirk Hinrich,200,15-16,PG,33.0,TOT,58.6,36.2,24.46,2.3600000000000003,6.040000000000001,0.38739999999999997,0.96,2.5799999999999996,0.3638,1.42,3.44,0.40499999999999997,0.46740000000000004,0.76,1.02,0.7786,0.27999999999999997,1.86,2.12,3.1399999999999997,0.8,0.24,1.2600000000000002,2.3400000000000003,6.419999999999999,2854940.0
Klay Thompson,425,15-16,SG,23.0,GSW,77.2,69.8,32.16,6.76,15.060000000000002,0.4484,2.7399999999999993,6.459999999999999,0.4192,4.040000000000001,8.6,0.47040000000000004,0.5372,1.9799999999999998,2.34,0.8512000000000001,0.42000000000000004,2.86,3.2399999999999998,2.2800000000000002,0.9,0.5399999999999999,1.7599999999999998,2.3200000000000003,18.259999999999998,15501000.0
Kobe Bryant*,66,15-16,SF,35.0,LAL,48.6,48.6,33.86,7.640000000000001,18.580000000000002,0.4098,1.44,5.039999999999999,0.2786,6.2,13.539999999999997,0.45520000000000005,0.4478,5.08,6.1,0.836,0.7,4.2,4.9399999999999995,5.06,1.2000000000000002,0.24000000000000005,3.72,1.8199999999999998,21.78,
Kosta Koufos,253,15-16,C,24.0,SAC,73.6,28.8,18.28,2.8,5.220000000000001,0.5429999999999999,0.0,0.0,0.0,2.8,5.220000000000001,0.5432,0.5429999999999999,0.7200000000000001,1.1800000000000002,0.5995999999999999,2.06,3.6,5.639999999999999,0.41999999999999993,0.45999999999999996,0.9600000000000002,0.74,2.3,6.38,7700000.0
Kris Humphries,211,15-16,PF,28.0,TOT,62.6,29.4,21.98,3.2399999999999998,6.980000000000001,0.46259999999999996,0.12,0.42000000000000004,0.07875,3.1,6.5200000000000005,0.47619999999999996,0.4742,1.86,2.38,0.7792,2.0799999999999996,4.54,6.62,0.9199999999999999,0.44000000000000006,0.68,1.02,2.12,8.5,1000000.0
Kyle Korver,252,15-16,SG,32.0,ATL,73.0,58.6,29.839999999999996,3.5599999999999996,7.739999999999999,0.458,2.38,5.26,0.4508,1.1800000000000002,2.5,0.4696000000000001,0.6106,0.9800000000000001,1.14,0.8698,0.27999999999999997,3.2599999999999993,3.5599999999999996,2.26,0.8,0.4,1.14,2.0,10.459999999999999,5746479.0
Kyle Lowry,273,15-16,PG,27.0,TOR,68.2,63.2,33.9,5.34,12.860000000000003,0.4144,2.0599999999999996,5.5200000000000005,0.3684,3.3200000000000003,7.32,0.449,0.49420000000000003,3.8400000000000007,4.7,0.8181999999999998,0.8400000000000001,3.8200000000000003,4.66,6.720000000000001,1.64,0.30000000000000004,2.6,3.0200000000000005,16.56,12000000.0
Kyrie Irving,218,15-16,PG,21.0,CLE,61.8,61.8,33.660000000000004,7.540000000000001,16.639999999999997,0.45339999999999997,1.72,4.6,0.37679999999999997,5.8,12.02,0.48319999999999996,0.5056,3.8199999999999994,4.4,0.8672000000000001,0.74,2.68,3.44,5.459999999999999,1.3399999999999999,0.33999999999999997,2.76,2.1799999999999997,20.619999999999997,16407501.0
LaMarcus Aldridge,7,15-16,PF,28.0,SAS,68.6,68.6,35.239999999999995,8.66,17.9,0.4866,0.1,0.4600000000000001,0.1754,8.540000000000001,17.46,0.4922000000000001,0.48979999999999996,4.0,4.819999999999999,0.8298,2.4800000000000004,6.92,9.379999999999999,2.16,0.76,1.02,1.7399999999999998,2.2399999999999998,21.479999999999997,19689000.0
Lance Stephenson,410,15-16,SF,23.0,TOT,65.6,37.8,24.14,3.3600000000000003,7.5600000000000005,0.43679999999999997,0.54,1.8,0.27420000000000005,2.8200000000000003,5.720000000000001,0.48860000000000003,0.47000000000000003,1.08,1.56,0.649,0.6599999999999999,3.3600000000000003,4.0200000000000005,2.88,0.6799999999999999,0.12,1.7,1.9,8.32,9000000.0
Lance Thomas,422,15-16,PF,25.0,NYK,45.4,12.2,16.119999999999997,1.7,4.04,0.4056,0.15999999999999998,0.44000000000000006,0.24066666666666667,1.5200000000000002,3.6,0.41059999999999997,0.41879999999999995,1.04,1.3800000000000001,0.7304,0.78,1.54,2.3200000000000003,0.6399999999999999,0.27999999999999997,0.1,0.68,1.48,4.6,1636842.0
Lavoy Allen,9,15-16,PF,24.0,IND,65.4,16.4,18.000000000000004,2.2399999999999998,4.76,0.47240000000000004,0.0,0.04,0.077,2.2199999999999998,4.720000000000001,0.47519999999999996,0.473,0.48,0.7,0.6990000000000001,1.8,3.1,4.9,1.0,0.3,0.5599999999999999,0.68,1.9,5.0,4050000.0
LeBron James,221,15-16,SF,29.0,CLE,72.0,72.0,36.96,9.76,18.28,0.5342,1.3199999999999998,3.66,0.362,8.44,14.62,0.5778,0.5706,5.46,7.38,0.743,1.2200000000000002,6.080000000000001,7.24,6.8,1.64,0.6599999999999999,3.4199999999999995,1.6800000000000002,26.32,22970500.0
Leandro Barbosa,31,15-16,SG,31.0,GSW,51.8,0.6,16.660000000000004,2.8600000000000003,6.5,0.4436,0.6199999999999999,1.6799999999999997,0.35680000000000006,2.2600000000000002,4.840000000000001,0.4734,0.4904,1.1400000000000001,1.3800000000000001,0.7978,0.33999999999999997,1.26,1.6199999999999999,1.4400000000000002,0.58,0.12,0.9,1.5400000000000003,7.459999999999999,2500000.0
Lou Amundson,12,15-16,PF,31.0,NYK,40.0,7.0,11.3,1.18,2.78,0.42200000000000004,0.0,0.0,0.0,1.18,2.78,0.4224,0.42200000000000004,0.5,1.22,0.4,1.3800000000000001,1.8399999999999999,3.2199999999999998,0.5,0.4,0.5599999999999999,0.74,2.0,2.84,1635476.0
Lou Williams,461,15-16,SG,27.0,LAL,62.0,10.2,26.560000000000002,4.4,10.74,0.4082,1.5799999999999998,4.58,0.3510000000000001,2.8,6.18,0.45380000000000004,0.48339999999999994,3.7,4.38,0.844,0.33999999999999997,1.8799999999999997,2.2,3.04,0.9400000000000001,0.22000000000000003,1.48,1.36,14.040000000000001,7000000.0
Luc Mbah a Moute,284,15-16,PF,27.0,LAC,61.4,39.2,21.54,2.42,5.58,0.44220000000000004,0.28,0.8999999999999998,0.29359999999999997,2.1399999999999997,4.68,0.46240000000000003,0.4638,1.04,1.7600000000000002,0.6028,1.24,2.6,3.84,0.8400000000000001,0.78,0.3,0.9400000000000001,1.52,6.18,
Luis Scola,389,15-16,PF,33.0,TOR,77.4,45.4,23.4,4.459999999999999,9.459999999999999,0.47000000000000003,0.2,0.5200000000000001,0.197,4.26,8.92,0.477,0.4822,1.7,2.28,0.7426,1.4999999999999998,4.279999999999999,5.82,1.5,0.5599999999999999,0.32,1.44,2.6,10.8,2900000.0
Luke Babbitt,29,15-16,SF,24.0,NOP,47.8,7.6,14.780000000000001,1.9,4.58,0.4138,1.0399999999999998,2.6,0.41480000000000006,0.8400000000000001,1.98,0.4164,0.5344,0.42000000000000004,0.56,0.7722,0.4,2.16,2.5599999999999996,0.7,0.26,0.18,0.5199999999999999,1.46,5.279999999999999,1100602.0
Luol Deng,114,15-16,PF,28.0,MIA,67.6,67.4,35.84,5.5200000000000005,12.66,0.4386,1.14,3.34,0.33799999999999997,4.380000000000001,9.34,0.4758,0.48440000000000005,2.7199999999999998,3.46,0.7786,1.6199999999999999,4.359999999999999,5.9399999999999995,2.52,1.0,0.38,1.6200000000000003,1.56,14.819999999999999,10151612.0
Manu Ginóbili,155,15-16,SG,36.0,SAS,58.0,2.0,22.32,3.9,8.5,0.4598,1.3399999999999999,3.6400000000000006,0.3702,2.56,4.86,0.5267999999999999,0.5392,2.2800000000000002,2.8,0.8103999999999999,0.44000000000000006,2.6,3.06,4.12,1.02,0.27999999999999997,2.0000000000000004,1.8199999999999998,11.42,
Marc Gasol,149,15-16,C,29.0,MEM,67.4,67.4,34.5,5.88,12.239999999999998,0.4814,0.0,0.18,0.2358,5.88,12.059999999999999,0.48599999999999993,0.4824,3.66,4.62,0.7976000000000001,1.5999999999999999,6.12,7.74,3.66,0.9800000000000001,1.56,2.06,2.82,15.459999999999999,19688000.0
Marcin Gortat,161,15-16,C,29.0,WAS,73.0,72.6,31.119999999999997,5.619999999999999,10.220000000000002,0.5502,0.0,0.0,0.2,5.619999999999999,10.16,0.5516,0.5502,1.86,2.7600000000000002,0.679,2.5200000000000005,6.8,9.32,1.28,0.6199999999999999,1.44,1.48,2.34,13.080000000000002,11217391.0
Marco Belinelli,44,15-16,SG,27.0,SAC,69.8,24.6,25.56,3.72,8.879999999999999,0.42119999999999996,1.4,3.8200000000000003,0.36879999999999996,2.3199999999999994,5.06,0.46259999999999996,0.5006,1.58,1.9,0.8300000000000001,0.24,2.06,2.3,1.8199999999999998,0.5800000000000001,0.06000000000000001,1.1,1.5800000000000003,10.440000000000001,6060606.0
Marcus Morris,313,15-16,SF,24.0,DET,67.4,27.8,22.020000000000003,3.3,7.82,0.4056,1.0399999999999998,2.96,0.3176,2.2800000000000002,4.9,0.4558,0.46699999999999997,1.2400000000000002,1.7399999999999998,0.6904,0.86,2.78,3.6599999999999993,1.2399999999999998,0.64,0.22000000000000003,1.02,1.8199999999999998,8.860000000000001,5000000.0
Marcus Thornton,427,15-16,SG,26.0,TOT,60.8,18.8,23.26,4.279999999999999,10.3,0.41320000000000007,1.64,4.640000000000001,0.35540000000000005,2.66,5.68,0.462,0.49420000000000003,1.54,1.8199999999999998,0.8437999999999999,0.8400000000000001,1.7799999999999998,2.66,1.3,0.8800000000000001,0.13999999999999999,0.96,1.5,11.76,200600.0
Mario Chalmers,84,15-16,PG,27.0,TOT,71.0,51.6,27.46,3.2400000000000007,7.6,0.4288,1.22,3.3200000000000003,0.35700000000000004,2.04,4.26,0.47939999999999994,0.509,2.08,2.58,0.7869999999999999,0.36,2.2600000000000002,2.6,3.9,1.5,0.18,1.98,2.82,9.74,4300000.0
Markieff Morris,314,15-16,PF,24.0,TOT,74.4,33.2,25.1,4.42,9.98,0.4364,0.6,1.9,0.3238,3.8,8.08,0.462,0.4692,1.8800000000000001,2.46,0.7478,1.36,4.0,5.38,1.6599999999999997,0.9,0.6200000000000001,1.6800000000000002,2.8200000000000003,11.34,8000000.0
Marreese Speights,407,15-16,C,26.0,GSW,73.2,13.8,15.76,3.28,7.18,0.45260000000000006,0.1,0.34,0.2446,3.1799999999999997,6.88,0.45920000000000005,0.46099999999999997,1.5599999999999998,1.92,0.8061999999999999,1.56,2.9,4.48,0.7,0.27999999999999997,0.5,1.0,2.1399999999999997,8.2,3815000.0
Marvin Williams,462,15-16,PF,27.0,CHO,71.0,51.2,26.080000000000002,3.3400000000000007,7.619999999999999,0.434,1.22,3.3,0.3666,2.1,4.340000000000001,0.48719999999999997,0.5136,1.26,1.6,0.7786,1.1199999999999999,3.900000000000001,5.04,1.24,0.74,0.5599999999999999,0.78,1.72,9.120000000000001,7000000.0
Matt Barnes,35,15-16,SF,33.0,MEM,71.6,35.8,26.96,3.5,8.04,0.4354,1.4000000000000001,4.119999999999999,0.3404,2.08,3.9799999999999995,0.5317999999999999,0.5212000000000001,1.22,1.6,0.7604000000000001,1.14,3.7,4.84,1.8199999999999998,0.8799999999999999,0.7,1.26,2.9000000000000004,9.62,3542500.0
Matt Bonner,55,15-16,C,33.0,SAS,59.2,5.4,13.0,1.5,3.3200000000000003,0.458,0.8400000000000001,2.02,0.4194,0.68,1.28,0.5134000000000001,0.5828,0.2,0.26,0.7612,0.32,1.64,1.9600000000000002,0.58,0.2,0.2,0.2,0.9,4.040000000000001,947276.0
Michael Beasley,43,15-16,PF,25.0,HOU,44.2,6.0,19.619999999999997,4.24,9.28,0.461,0.45999999999999996,1.3800000000000001,0.3292,3.78,7.880000000000001,0.48180000000000006,0.4854,1.28,1.7399999999999998,0.741,0.82,3.2,3.9799999999999995,1.08,0.48,0.45999999999999996,1.46,1.9400000000000002,10.22,306527.0
Mike Conley,93,15-16,PG,26.0,MEM,68.2,68.0,33.26,5.4399999999999995,12.38,0.4382,1.3199999999999998,3.62,0.3698,4.12,8.78,0.4664,0.49160000000000004,2.94,3.5,0.8398,0.48,2.4,2.8200000000000003,6.0200000000000005,1.6800000000000002,0.24,2.04,1.9799999999999998,15.12,9588426.0
Mike Dunleavy,125,15-16,SF,33.0,CHI,61.2,32.0,27.120000000000005,3.5799999999999996,8.120000000000001,0.4382,1.54,3.84,0.4016,2.04,4.32,0.46880000000000005,0.5342,1.44,1.78,0.8148,0.43999999999999995,3.2399999999999998,3.6800000000000006,1.8800000000000001,0.5800000000000001,0.36,1.08,1.9,10.14,4500000.0
Mike Miller,303,15-16,SF,33.0,DEN,55.8,8.0,15.36,1.56,3.6400000000000006,0.4058,0.9800000000000001,2.3600000000000003,0.4042,0.6,1.28,0.40259999999999996,0.5456000000000001,0.18,0.22000000000000003,0.6745,0.3,2.0,2.2800000000000002,1.2400000000000002,0.33999999999999997,0.12000000000000002,0.6200000000000001,1.2600000000000002,4.279999999999999,
Mo Williams,463,15-16,PG,31.0,CLE,56.2,18.8,26.24,4.4,10.5,0.42140000000000005,1.3800000000000001,3.7,0.3672,3.04,6.76,0.4506,0.4856,1.48,1.6600000000000001,0.8870000000000001,0.38,1.7400000000000002,2.16,4.4399999999999995,0.74,0.14,2.06,2.1799999999999997,11.639999999999997,2100000.0
Monta Ellis,130,15-16,SG,28.0,IND,76.6,76.6,35.7,7.0,16.1,0.4344,1.02,3.4200000000000004,0.30379999999999996,5.96,12.7,0.46979999999999994,0.4668,3.2600000000000002,4.16,0.7789999999999999,0.43999999999999995,2.86,3.3199999999999994,5.3,1.8199999999999998,0.36,2.88,2.2600000000000002,18.26,10300000.0
Nate Robinson,376,15-16,PG,29.0,NOP,44.2,7.0,18.82,2.9400000000000004,7.2,0.32599999999999996,1.0,2.88,0.28480000000000005,1.9200000000000004,4.3,0.44275000000000003,0.38239999999999996,1.1400000000000001,1.46,0.7849999999999999,0.32,1.16,1.44,3.1399999999999997,0.8,0.06000000000000001,1.06,2.2399999999999998,8.080000000000002,
Nazr Mohammed,308,15-16,C,36.0,OKC,46.8,2.8,7.68,0.8400000000000001,1.9,0.45920000000000005,0.0,0.0,0.0,0.8400000000000001,1.8799999999999997,0.4606,0.45920000000000005,0.26,0.4,0.6308,0.72,1.38,2.1,0.2,0.2,0.34,0.43999999999999995,1.1199999999999999,1.94,222888.0
Nenê,195,15-16,PF,31.0,WAS,55.4,37.6,25.920000000000005,4.8,9.34,0.515,0.0,0.08,0.08,4.8,9.280000000000001,0.5182,0.5154,2.54,3.9799999999999995,0.6334,1.3400000000000003,4.5200000000000005,5.86,2.2800000000000002,1.02,0.66,2.04,2.74,12.14,
Nick Collison,92,15-16,PF,33.0,OKC,70.0,1.6,17.080000000000002,1.6400000000000001,3.1,0.5252,0.04,0.22000000000000003,0.1004,1.58,2.8600000000000003,0.5431999999999999,0.5332,0.6599999999999999,0.9400000000000001,0.7156,1.48,2.2800000000000002,3.7399999999999998,1.2799999999999998,0.4600000000000001,0.36,0.86,2.2600000000000002,4.0,3750000.0
Nick Young,473,15-16,SG,28.0,LAL,56.2,12.6,24.6,4.26,10.78,0.39120000000000005,1.7,4.680000000000001,0.3604,2.58,6.12,0.41340000000000005,0.47140000000000004,2.4200000000000004,2.8600000000000003,0.8436,0.42000000000000004,1.78,2.1999999999999997,1.08,0.5800000000000001,0.22000000000000003,1.04,1.8,12.679999999999998,5219169.0
Nicolas Batum,38,15-16,SF,25.0,CHO,71.0,66.0,34.68,4.6,10.66,0.433,1.86,5.140000000000001,0.3592,2.78,5.499999999999999,0.5032,0.5198,2.04,2.44,0.8385999999999999,1.1600000000000001,4.76,5.94,4.4,1.02,0.8,2.2800000000000002,1.7400000000000002,13.1,13125306.0
Nikola Peković,352,15-16,C,28.0,MIN,41.2,36.6,25.72,4.94,9.9,0.48580000000000007,0.0,0.0,,4.94,9.9,0.48580000000000007,0.48580000000000007,3.02,3.94,0.7742,2.98,3.88,6.840000000000001,0.86,0.5199999999999999,0.45999999999999996,1.4600000000000002,2.0999999999999996,12.940000000000001,
Nikola Vučević,441,15-16,C,23.0,ORL,64.8,56.6,29.28,6.3,12.360000000000003,0.5018,0.02,0.08,0.2325,6.279999999999999,12.280000000000001,0.503,0.5032000000000001,1.4400000000000002,1.9799999999999998,0.6965999999999999,2.8600000000000003,6.62,9.5,1.8199999999999998,0.76,0.86,1.6600000000000001,2.7399999999999998,14.059999999999999,
Norris Cole,90,15-16,PG,25.0,NOP,69.4,12.0,22.98,2.9799999999999995,7.300000000000002,0.409,0.5599999999999998,1.8199999999999998,0.323,2.38,5.500000000000001,0.4386,0.4506,0.86,1.1199999999999999,0.7442,0.22000000000000003,1.8399999999999999,2.1,2.84,0.78,0.1,1.48,1.9400000000000002,7.4,3036927.0
O.J. Mayo,283,15-16,SG,26.0,MIL,62.4,28.8,27.740000000000002,4.3,10.4,0.4114,1.5000000000000002,4.16,0.3638,2.8,6.28,0.44480000000000003,0.4848,1.64,2.02,0.8118000000000001,0.42000000000000004,2.4200000000000004,2.8600000000000003,2.98,0.9400000000000001,0.28,1.98,2.4,11.760000000000002,
Omri Casspi,82,15-16,PF,25.0,SAC,63.0,15.6,19.740000000000002,2.7800000000000002,6.24,0.4378,0.8800000000000001,2.44,0.36039999999999994,1.9,3.84,0.48860000000000003,0.5072,1.28,1.92,0.6566,0.78,3.16,3.94,1.16,0.62,0.22000000000000003,1.04,1.6,7.74,2836186.0
Patrick Patterson,347,15-16,PF,24.0,TOR,72.0,11.8,24.800000000000004,3.4200000000000004,7.42,0.45499999999999996,0.8200000000000001,2.2800000000000002,0.29660000000000003,2.56,5.12,0.5036,0.5154,0.66,0.86,0.7618,1.56,3.3199999999999994,4.819999999999999,1.24,0.6,0.54,0.8400000000000001,1.9000000000000004,8.3,6268675.0
Patty Mills,304,15-16,PG,25.0,SAS,57.4,2.0,16.54,3.06,6.9399999999999995,0.4448,1.36,3.44,0.39580000000000004,1.72,3.4799999999999995,0.495,0.5434,0.6599999999999999,0.74,0.8734,0.32,1.32,1.6600000000000001,1.9600000000000002,0.6,0.08,0.9400000000000002,1.12,8.2,3578947.0
Pau Gasol,150,15-16,C,33.0,CHI,64.8,63.4,33.76,6.7,13.86,0.48200000000000004,0.18,0.5,0.3282,6.540000000000001,13.34,0.4878,0.488,3.1599999999999997,4.1,0.763,2.44,7.88,10.3,3.5799999999999996,0.5,1.6,2.2,2.0,16.7,7448760.0
Paul George,153,15-16,SF,23.0,IND,62.4,61.2,30.7,5.64,13.539999999999997,0.4136,2.0,5.279999999999999,0.37820000000000004,3.66,8.24,0.43339999999999995,0.4880000000000001,3.38,4.08,0.812,0.8800000000000001,5.26,6.140000000000001,3.02,1.6,0.42000000000000004,2.56,2.58,16.619999999999997,17120106.0
Paul Millsap,306,15-16,PF,28.0,ATL,74.0,73.4,32.42,6.2,12.940000000000001,0.4784,0.66,1.9600000000000002,0.31839999999999996,5.5200000000000005,11.02,0.5029999999999999,0.5036,3.56,4.7,0.7558,2.3,5.9399999999999995,8.24,2.88,1.6800000000000002,1.1,2.16,3.0,16.580000000000002,18671659.0
Paul Pierce,354,15-16,SF,36.0,LAC,70.8,63.4,27.939999999999998,4.619999999999999,10.620000000000001,0.42800000000000005,1.5399999999999998,4.26,0.36360000000000003,3.06,6.38,0.4779999999999999,0.5048000000000001,3.1,3.8200000000000003,0.8128,0.4600000000000001,4.12,4.5600000000000005,2.94,0.8800000000000001,0.36,1.9600000000000002,2.3400000000000003,13.9,3376000.0
Rajon Rondo,378,15-16,PG,27.0,SAC,52.2,52.2,34.5,4.86,11.02,0.44299999999999995,0.54,1.7600000000000002,0.2892,4.340000000000001,9.26,0.46840000000000004,0.4668,1.3399999999999999,2.24,0.5692,1.04,4.4399999999999995,5.48,10.440000000000001,1.64,0.12,3.56,2.26,11.620000000000001,9500000.0
Ramon Sessions,393,15-16,PG,27.0,WAS,70.8,11.4,23.880000000000003,3.54,8.320000000000002,0.4224,0.45999999999999996,1.42,0.33480000000000004,3.08,6.92,0.4406,0.4514,3.28,4.14,0.7906,0.42000000000000004,2.2399999999999998,2.66,3.8199999999999994,0.64,0.06000000000000001,1.6800000000000002,1.3,10.84,2170465.0
Randy Foye,142,15-16,SG,30.0,TOT,71.8,45.4,25.2,3.4199999999999995,8.739999999999998,0.3854,1.86,4.9799999999999995,0.3665999999999999,1.56,3.78,0.4074000000000001,0.4896000000000001,1.22,1.48,0.8338000000000001,0.3,1.7,2.02,2.4200000000000004,0.7,0.36000000000000004,1.2599999999999998,2.06,9.919999999999998,3135000.0
Raymond Felton,140,15-16,PG,29.0,DAL,60.4,44.6,26.78,3.72,9.059999999999999,0.4082,0.9,2.82,0.31179999999999997,2.8,6.26,0.45200000000000007,0.4568,1.38,1.72,0.7926,0.54,1.98,2.5,4.5200000000000005,1.04,0.22000000000000003,1.8399999999999999,1.7399999999999998,9.639999999999999,3950313.0
Reggie Jackson,220,15-16,PG,23.0,DET,70.2,31.0,22.8,4.12,9.64,0.41740000000000005,0.7999999999999999,2.66,0.2864,3.3200000000000003,7.020000000000001,0.47520000000000007,0.4588,1.8799999999999997,2.16,0.8575999999999999,0.4999999999999999,2.48,2.98,3.9199999999999995,0.72,0.1,1.78,1.6599999999999997,10.959999999999999,13913044.0
Richard Jefferson,224,15-16,SF,33.0,CLE,69.8,29.2,19.9,2.34,5.34,0.44480000000000003,1.0799999999999998,2.6400000000000006,0.3896,1.3,2.7199999999999998,0.48760000000000003,0.5386,1.0000000000000002,1.3800000000000001,0.7006,0.24,2.12,2.38,1.04,0.48,0.18,0.72,1.6,6.74,
Ricky Rubio,382,15-16,PG,23.0,MIN,55.6,51.6,31.640000000000004,3.2199999999999998,8.879999999999999,0.36560000000000004,0.64,2.06,0.309,2.62,6.780000000000001,0.38260000000000005,0.402,3.1399999999999997,3.84,0.8108000000000001,0.6799999999999999,3.78,4.4799999999999995,8.319999999999999,2.1399999999999997,0.1,2.8600000000000003,2.58,10.239999999999998,12700000.0
Robin Lopez,271,15-16,C,25.0,NYK,73.8,61.0,25.32,3.8599999999999994,7.280000000000001,0.5239999999999999,0.0,0.0,0.0,3.8599999999999994,7.260000000000001,0.5248,0.5239999999999999,1.8599999999999999,2.38,0.7754000000000001,2.9400000000000004,3.4,6.28,0.86,0.30000000000000004,1.4400000000000002,1.16,2.14,9.54,12650000.0
Rodney Stuckey,414,15-16,PG,27.0,IND,66.6,22.8,26.72,4.34,10.120000000000001,0.42479999999999996,0.54,1.78,0.3046,3.78,8.34,0.4504,0.4524,3.1599999999999997,3.8199999999999994,0.8202,0.5199999999999999,2.2600000000000002,2.7800000000000002,3.0,0.74,0.13999999999999999,1.6800000000000002,1.78,12.34,
Ronnie Price,364,15-16,PG,30.0,PHO,42.2,9.6,16.4,1.4,3.960000000000001,0.347,0.5599999999999999,1.8599999999999999,0.2782,0.8400000000000001,2.1,0.40440000000000004,0.41180000000000005,0.52,0.68,0.7512000000000001,0.38,1.08,1.4599999999999997,2.42,1.04,0.12,1.06,2.1,3.8200000000000003,947276.0
Roy Hibbert,193,15-16,C,27.0,LAL,76.4,76.4,27.340000000000003,4.1,8.98,0.4546,0.0,0.04,0.13,4.1,8.919999999999998,0.4558,0.45500000000000007,2.18,2.8600000000000003,0.7706000000000001,2.6399999999999997,4.52,7.140000000000001,1.3,0.4,1.9600000000000002,1.64,3.1399999999999997,10.4,15592217.0
Rudy Gay,151,15-16,SF,27.0,SAC,70.2,69.8,35.44,7.2,16.02,0.4488,1.02,3.04,0.3336,6.159999999999999,13.0,0.47539999999999993,0.4806,3.7199999999999998,4.52,0.813,1.54,4.6,6.18,2.66,1.34,0.72,2.58,2.34,19.1,12403101.0
Russell Westbrook,452,15-16,PG,25.0,OKC,68.2,68.2,33.94,8.419999999999998,19.04,0.4424,1.24,4.0,0.3104,7.159999999999999,15.059999999999999,0.4779999999999999,0.475,5.999999999999999,7.339999999999999,0.8192,1.56,4.58,6.12,7.76,1.9,0.26,3.8800000000000003,2.4,24.040000000000003,16744218.0
Ryan Anderson,18,15-16,PF,25.0,NOP,58.2,21.8,31.420000000000005,5.8,13.680000000000001,0.42519999999999997,2.46,6.5200000000000005,0.378,3.34,7.159999999999999,0.4692,0.516,2.44,2.7600000000000002,0.8800000000000001,2.5799999999999996,3.72,6.28,0.9800000000000001,0.5800000000000001,0.36,1.08,2.0599999999999996,16.560000000000002,8500000.0
Ryan Hollins,203,15-16,C,29.0,TOT,48.6,5.8,10.879999999999999,1.16,1.8399999999999999,0.6327999999999999,0.0,0.0,,1.16,1.8399999999999999,0.6327999999999999,0.6327999999999999,0.82,1.3199999999999998,0.6176,0.8600000000000001,1.32,2.14,0.21999999999999997,0.12,0.5,0.6399999999999999,1.7399999999999998,3.1,239605.0
Serge Ibaka,213,15-16,PF,24.0,OKC,73.8,73.8,31.279999999999994,5.44,10.52,0.5198,0.5199999999999999,1.4,0.3538,4.9399999999999995,9.120000000000001,0.5408000000000001,0.5416,1.5,2.0,0.7564,2.48,5.24,7.719999999999999,0.72,0.48,2.7399999999999998,1.44,2.8,12.86,12250000.0
Shaun Livingston,268,15-16,PG,28.0,GSW,71.2,20.4,21.02,2.5799999999999996,5.26,0.4936,0.0,0.1,0.2002,2.5799999999999996,5.18,0.4976,0.49479999999999996,1.2600000000000002,1.56,0.8106,0.64,1.8200000000000003,2.44,2.98,0.74,0.36,1.2,1.7600000000000002,6.459999999999999,5543725.0
Shelvin Mack,275,15-16,PG,23.0,TOT,55.0,8.2,16.28,2.3600000000000003,5.540000000000001,0.4234,0.62,1.8999999999999997,0.3234,1.7399999999999998,3.6399999999999997,0.47400000000000003,0.4786,0.6599999999999999,0.8400000000000001,0.7367999999999999,0.2,1.58,1.7599999999999998,2.8600000000000003,0.5599999999999999,0.02,1.16,1.1,5.94,2433333.0
Spencer Hawes,187,15-16,PF,25.0,CHO,65.8,33.6,23.74,3.6399999999999997,8.120000000000001,0.44139999999999996,0.72,1.9,0.3416,2.9400000000000004,6.24,0.4654,0.48640000000000005,1.1199999999999999,1.46,0.753,1.42,4.68,6.12,2.18,0.4,1.02,1.42,2.56,9.120000000000001,6110034.0
Stephen Curry,105,15-16,PG,25.0,GSW,68.2,67.6,33.96,8.08,16.78,0.4806,3.5200000000000005,7.92,0.44580000000000003,4.54,8.860000000000001,0.5132,0.5843999999999999,3.46,3.8600000000000003,0.8831999999999999,0.72,3.6,4.279999999999999,7.019999999999999,1.7599999999999998,0.22000000000000003,3.1599999999999997,2.2800000000000002,23.1,11370786.0
Steve Blake,51,15-16,PG,33.0,DET,58.4,9.6,22.499999999999996,1.98,5.12,0.38739999999999997,1.1800000000000002,3.1800000000000006,0.36560000000000004,0.82,1.9400000000000002,0.4232,0.5016,0.45999999999999996,0.5800000000000001,0.7646,0.26,1.9,2.12,3.94,0.68,0.08,1.48,1.48,5.619999999999999,2170465.0
Steve Novak,331,15-16,PF,30.0,TOT,46.8,0.4,11.84,1.54,3.5200000000000005,0.42799999999999994,1.3,2.94,0.4372,0.24000000000000005,0.58,0.38339999999999996,0.6106,0.2,0.24000000000000005,0.751,0.12000000000000002,1.1,1.2,0.22000000000000003,0.16,0.1,0.16,0.82,4.58,295327.0
Taj Gibson,154,15-16,PF,28.0,CHI,69.0,17.0,25.060000000000002,3.88,7.8199999999999985,0.4974,0.0,0.04,0.0,3.88,7.779999999999999,0.49980000000000013,0.4974,1.7600000000000002,2.5,0.6922,2.3600000000000003,3.7600000000000002,6.140000000000001,1.06,0.5,1.2799999999999998,1.26,2.46,9.52,8500000.0
Tayshaun Prince,366,15-16,SF,33.0,MIN,71.2,56.0,26.78,3.34,7.8199999999999985,0.43019999999999997,0.4,1.04,0.33740000000000003,2.96,6.8,0.4422,0.453,0.7999999999999999,1.1,0.7034,0.74,2.7600000000000002,3.5,1.78,0.5,0.32,0.76,0.9400000000000001,7.9,947276.0
Thabo Sefolosha,391,15-16,SF,29.0,ATL,62.2,40.4,23.5,2.2399999999999998,4.9799999999999995,0.4502,0.78,2.12,0.3664,1.4400000000000002,2.86,0.5065999999999999,0.5288,0.8400000000000001,1.08,0.776,0.74,3.1199999999999997,3.8600000000000003,1.3800000000000001,1.12,0.42000000000000004,0.86,1.6800000000000002,6.08,4000000.0
Thaddeus Young,474,15-16,PF,25.0,BRK,73.4,59.2,32.38,6.459999999999999,13.12,0.4944,0.34,1.1599999999999997,0.2492,6.1,11.959999999999999,0.5092000000000001,0.5064,1.6800000000000002,2.5,0.6712,2.16,4.46,6.62,1.8399999999999999,1.6,0.54,1.52,2.4,14.939999999999998,11235955.0
Tiago Splitter,408,15-16,C,29.0,ATL,57.4,29.4,20.220000000000002,3.2399999999999998,5.76,0.5564,0.0,0.04,0.0,3.2399999999999998,5.72,0.5588,0.5564,1.92,2.62,0.7365999999999999,1.72,3.5,5.180000000000001,1.3,0.5999999999999999,0.6199999999999999,1.1800000000000002,2.06,8.319999999999999,9756250.0
Tim Duncan*,124,15-16,C,37.0,SAS,67.8,67.6,28.32,5.64,11.34,0.4968,0.0,0.08,0.11440000000000002,5.64,11.3,0.4992,0.4972,2.84,3.8,0.737,1.9799999999999998,7.0200000000000005,9.0,2.7399999999999998,0.7200000000000001,1.8799999999999997,1.8199999999999998,1.8599999999999999,14.160000000000002,
Timofey Mozgov,317,15-16,C,27.0,CLE,64.8,38.8,17.74,2.7,4.9399999999999995,0.5349999999999999,0.0,0.1,0.16075,2.6799999999999997,4.86,0.5428,0.5366,1.3199999999999998,1.8199999999999998,0.7282,1.6800000000000002,3.3,4.960000000000001,0.52,0.28,0.9199999999999999,1.1199999999999999,2.18,6.68,4950000.0
Tobias Harris,184,15-16,PF,21.0,TOT,60.4,43.2,26.640000000000004,4.699999999999999,10.14,0.46420000000000006,0.7200000000000001,2.2399999999999998,0.30579999999999996,3.96,7.9,0.5038,0.497,2.32,2.9200000000000004,0.7986,1.1600000000000001,4.359999999999999,5.52,1.42,0.7,0.4800000000000001,1.26,1.92,12.48,16000000.0
Toney Douglas,119,15-16,PG,27.0,NOP,46.6,8.8,16.84,2.2199999999999998,5.9,0.37900000000000006,0.8400000000000001,2.58,0.31840000000000007,1.4,3.3200000000000003,0.4266,0.45039999999999997,0.86,1.06,0.7898,0.38,1.6,1.92,2.0,0.8400000000000001,0.1,1.02,1.7600000000000002,6.14,1164858.0
Tony Allen,10,15-16,SG,32.0,MEM,63.8,52.4,25.54,3.5799999999999996,7.5600000000000005,0.47220000000000006,0.14,0.5599999999999999,0.2738,3.4200000000000004,7.06,0.48739999999999994,0.4822,1.64,2.3600000000000003,0.6848000000000001,1.56,2.7,4.279999999999999,1.36,1.7200000000000002,0.4600000000000001,1.4,2.5200000000000005,8.940000000000001,5158539.0
Tony Parker,344,15-16,PG,31.0,SAS,66.8,66.8,30.119999999999997,6.5,13.080000000000002,0.496,0.39999999999999997,1.04,0.35960000000000003,6.12,12.040000000000001,0.507,0.511,2.9200000000000004,3.62,0.7996,0.27999999999999997,2.22,2.5,6.24,0.74,0.1,2.2600000000000002,1.44,16.32,13437500.0
Tony Wroten,470,15-16,PG,20.4,PHI,43.4,10.0,20.919999999999998,3.8199999999999994,9.5,0.39580000000000004,0.5800000000000001,2.5,0.2226,3.2399999999999998,6.9799999999999995,0.4534000000000001,0.42380000000000007,2.58,4.08,0.6428,0.6799999999999999,1.86,2.54,2.9799999999999995,0.8800000000000001,0.16,2.7600000000000002,1.8,10.78,167406.0
Trevor Ariza,24,15-16,SF,28.0,HOU,67.4,59.2,33.120000000000005,4.3,10.14,0.42160000000000003,1.8199999999999996,4.9,0.365,2.46,5.2,0.475,0.5096,1.6600000000000001,2.08,0.8008000000000001,0.96,4.3,5.26,2.5200000000000005,1.7,0.36000000000000004,1.64,1.98,12.040000000000001,8193030.0
Trevor Booker,57,15-16,PF,26.0,UTA,65.6,19.6,21.16,2.86,5.5600000000000005,0.51,0.12000000000000002,0.34,0.22759999999999997,2.76,5.22,0.5236,0.5194000000000001,0.9199999999999999,1.5400000000000003,0.6053999999999999,2.08,3.4200000000000004,5.5,0.9400000000000001,0.7,0.56,0.9400000000000001,2.1,6.720000000000001,4775000.0
Tristan Thompson,426,15-16,PF,22.0,CLE,77.6,47.6,28.22,3.7399999999999998,7.5,0.5078,0.0,0.0,0.0,3.7399999999999998,7.4799999999999995,0.5087999999999999,0.5078,2.12,3.3600000000000003,0.622,3.34,5.08,8.42,0.8,0.5199999999999999,0.72,1.1800000000000002,2.44,9.580000000000002,14260870.0
Ty Lawson,259,15-16,PG,26.0,TOT,67.4,56.2,32.379999999999995,5.06,11.32,0.4418,1.0,2.8200000000000003,0.35219999999999996,4.08,8.48,0.4718,0.4866,3.14,4.08,0.7587999999999999,0.6,2.3600000000000003,2.96,7.1,1.2799999999999998,0.12,2.4,1.6199999999999999,14.319999999999999,211744.0
Tyler Hansbrough,175,15-16,PF,28.0,CHO,65.8,4.0,15.220000000000002,1.7,3.84,0.45660000000000006,0.0,0.04,0.162,1.6800000000000002,3.7600000000000002,0.45999999999999996,0.4600000000000001,2.06,2.84,0.6994,1.5799999999999998,2.22,3.8200000000000003,0.34,0.45999999999999996,0.19999999999999998,0.6599999999999999,1.9200000000000004,5.4399999999999995,947276.0
Tyler Zeller,476,15-16,C,24.4,BOS,71.8,27.0,17.860000000000003,2.8,5.56,0.5077999999999999,0.0,0.02,0.0,2.8,5.539999999999999,0.5092,0.5077999999999999,1.48,1.9,0.7680000000000001,1.58,2.92,4.4799999999999995,0.82,0.3,0.58,0.9400000000000001,2.28,7.12,2616975.0
Tyreke Evans,134,15-16,SG,24.0,NOP,60.8,49.0,31.639999999999997,5.9,13.179999999999998,0.44939999999999997,0.7,2.2399999999999998,0.29059999999999997,5.2,10.920000000000002,0.477,0.4766,3.0599999999999996,4.0,0.763,0.9600000000000002,3.9,4.840000000000001,5.24,1.2999999999999998,0.4,2.62,2.3,15.6,10734586.0
Tyson Chandler,85,15-16,C,31.0,PHO,64.8,63.6,30.24,3.6,5.680000000000001,0.6317999999999999,0.0,0.0,0.0,3.6,5.64,0.6334,0.6317999999999999,2.42,3.56,0.671,3.4,6.7,10.08,1.0000000000000002,0.6599999999999999,1.1,1.4,2.5799999999999996,9.580000000000002,13000000.0
Udonis Haslem,186,15-16,PF,33.0,MIA,56.8,22.4,16.18,1.6,3.5200000000000005,0.4537999999999999,0.0,0.08,0.1555,1.6,3.4400000000000004,0.4652,0.45619999999999994,0.64,0.9199999999999999,0.7091999999999999,1.08,3.4599999999999995,4.54,0.52,0.3,0.24000000000000005,0.5599999999999999,1.7399999999999998,3.9,2854940.0
Vince Carter,80,15-16,SG,37.0,MEM,69.8,9.4,21.759999999999998,3.3200000000000003,8.28,0.39480000000000004,1.4,3.84,0.36140000000000005,1.9,4.4,0.425,0.4796,1.5399999999999998,1.8799999999999997,0.8169999999999998,0.5800000000000001,2.4799999999999995,3.08,1.8799999999999997,0.7799999999999999,0.36,1.0599999999999998,2.16,9.559999999999999,4088019.0
Wayne Ellington,129,15-16,SG,26.0,BRK,63.0,20.6,19.24,2.66,6.4799999999999995,0.4138,1.04,2.7399999999999998,0.37360000000000004,1.64,3.7399999999999998,0.44160000000000005,0.49460000000000004,0.64,0.76,0.8572,0.32,1.8199999999999998,2.1,1.0,0.52,0.06000000000000001,0.5599999999999999,1.02,6.9799999999999995,1500000.0
Wesley Johnson,235,15-16,SF,26.0,LAC,70.0,43.0,24.079999999999995,3.1000000000000005,7.540000000000001,0.4096,1.1199999999999999,3.28,0.33799999999999997,1.98,4.28,0.46980000000000005,0.48419999999999996,0.66,0.86,0.745,0.6199999999999999,2.7600000000000002,3.3800000000000003,1.08,0.78,0.6799999999999999,0.9600000000000002,1.9600000000000002,7.9799999999999995,1100602.0
Wesley Matthews,282,15-16,SF,27.0,DAL,71.0,68.4,34.02,5.0200000000000005,11.8,0.425,2.44,6.32,0.3846,2.6,5.5,0.4736000000000001,0.5276,2.1799999999999997,2.6599999999999997,0.8218,0.5599999999999999,2.7,3.3,2.1599999999999997,1.2,0.22000000000000003,1.28,2.2600000000000002,14.66,16407500.0
Zach Randolph,368,15-16,PF,32.0,MEM,64.4,57.2,31.380000000000006,6.139999999999999,13.059999999999999,0.4704,0.06000000000000001,0.32,0.20359999999999995,6.1,12.760000000000002,0.4768,0.4732,2.8,3.7399999999999998,0.7424,3.22,6.34,9.52,1.98,0.7799999999999999,0.24000000000000005,1.8800000000000001,2.34,15.16,9638555.0
Zaza Pachulia,341,15-16,C,29.0,DAL,62.4,43.2,25.04,2.82,6.08,0.4638000000000001,0.0,0.02,0.0,2.82,6.0600000000000005,0.4662,0.4638000000000001,2.02,2.6,0.78,2.78,4.619999999999999,7.38,1.92,0.8600000000000001,0.31999999999999995,1.56,2.5,7.659999999999999,5200000.0
Ömer Aşık,26,15-16,C,27.0,NOP,68.0,48.6,21.660000000000004,2.32,4.4399999999999995,0.5257999999999999,0.0,0.0,0.0,2.32,4.4399999999999995,0.526,0.5257999999999999,1.3800000000000001,2.4799999999999995,0.5528000000000001,2.48,5.68,8.16,0.64,0.42000000000000004,0.78,1.3,2.0200000000000005,6.0600000000000005,
